3.000 1.000 22.000 1.000 0.000 7.250 0.000 0.000 1.000   -1.0
1.000 0.000 38.000 1.000 0.000 71.283 1.000 0.000 0.000   1.0
3.000 0.000 26.000 0.000 0.000 7.925 0.000 0.000 1.000   1.0
1.000 0.000 35.000 1.000 0.000 53.100 0.000 0.000 1.000   1.0
3.000 1.000 35.000 0.000 0.000 8.050 0.000 0.000 1.000   -1.0
1.000 1.000 54.000 0.000 0.000 51.862 0.000 0.000 1.000   -1.0
3.000 1.000 2.000 3.000 1.000 21.075 0.000 0.000 1.000   -1.0
3.000 0.000 27.000 0.000 2.000 11.133 0.000 0.000 1.000   1.0
2.000 0.000 14.000 1.000 0.000 30.071 1.000 0.000 0.000   1.0
3.000 0.000 4.000 1.000 1.000 16.700 0.000 0.000 1.000   1.0
1.000 0.000 58.000 0.000 0.000 26.550 0.000 0.000 1.000   1.0
3.000 1.000 20.000 0.000 0.000 8.050 0.000 0.000 1.000   -1.0
3.000 1.000 39.000 1.000 5.000 31.275 0.000 0.000 1.000   -1.0
3.000 0.000 14.000 0.000 0.000 7.854 0.000 0.000 1.000   -1.0
2.000 0.000 55.000 0.000 0.000 16.000 0.000 0.000 1.000   1.0
3.000 1.000 2.000 4.000 1.000 29.125 0.000 1.000 0.000   -1.0
3.000 0.000 31.000 1.000 0.000 18.000 0.000 0.000 1.000   -1.0
2.000 1.000 35.000 0.000 0.000 26.000 0.000 0.000 1.000   -1.0
2.000 1.000 34.000 0.000 0.000 13.000 0.000 0.000 1.000   1.0
3.000 0.000 15.000 0.000 0.000 8.029 0.000 1.000 0.000   1.0
1.000 1.000 28.000 0.000 0.000 35.500 0.000 0.000 1.000   1.0
3.000 0.000 8.000 3.000 1.000 21.075 0.000 0.000 1.000   -1.0
3.000 0.000 38.000 1.000 5.000 31.387 0.000 0.000 1.000   1.0
1.000 1.000 19.000 3.000 2.000 263.000 0.000 0.000 1.000   -1.0
1.000 1.000 40.000 0.000 0.000 27.721 1.000 0.000 0.000   -1.0
2.000 1.000 66.000 0.000 0.000 10.500 0.000 0.000 1.000   -1.0
1.000 1.000 28.000 1.000 0.000 82.171 1.000 0.000 0.000   -1.0
1.000 1.000 42.000 1.000 0.000 52.000 0.000 0.000 1.000   -1.0
3.000 1.000 21.000 0.000 0.000 8.050 0.000 0.000 1.000   -1.0
3.000 0.000 18.000 2.000 0.000 18.000 0.000 0.000 1.000   -1.0
3.000 0.000 14.000 1.000 0.000 11.242 1.000 0.000 0.000   1.0
3.000 0.000 40.000 1.000 0.000 9.475 0.000 0.000 1.000   -1.0
2.000 0.000 27.000 1.000 0.000 21.000 0.000 0.000 1.000   -1.0
2.000 0.000 3.000 1.000 2.000 41.579 1.000 0.000 0.000   1.0
3.000 0.000 19.000 0.000 0.000 7.879 0.000 1.000 0.000   1.0
3.000 0.000 18.000 1.000 0.000 17.800 0.000 0.000 1.000   -1.0
3.000 1.000 7.000 4.000 1.000 39.688 0.000 0.000 1.000   -1.0
3.000 1.000 21.000 0.000 0.000 7.800 0.000 0.000 1.000   -1.0
1.000 0.000 49.000 1.000 0.000 76.729 1.000 0.000 0.000   1.0
2.000 0.000 29.000 1.000 0.000 26.000 0.000 0.000 1.000   1.0
1.000 1.000 65.000 0.000 1.000 61.979 1.000 0.000 0.000   -1.0
2.000 0.000 21.000 0.000 0.000 10.500 0.000 0.000 1.000   1.0
3.000 1.000 28.500 0.000 0.000 7.229 1.000 0.000 0.000   -1.0
2.000 0.000 5.000 1.000 2.000 27.750 0.000 0.000 1.000   1.0
3.000 1.000 11.000 5.000 2.000 46.900 0.000 0.000 1.000   -1.0
3.000 1.000 22.000 0.000 0.000 7.229 1.000 0.000 0.000   -1.0
1.000 0.000 38.000 0.000 0.000 80.000 0.000 0.000 0.000   1.0
1.000 1.000 45.000 1.000 0.000 83.475 0.000 0.000 1.000   -1.0
3.000 1.000 4.000 3.000 2.000 27.900 0.000 0.000 1.000   -1.0
2.000 0.000 29.000 0.000 0.000 10.500 0.000 0.000 1.000   1.0
3.000 1.000 19.000 0.000 0.000 8.158 0.000 0.000 1.000   -1.0
3.000 0.000 17.000 4.000 2.000 7.925 0.000 0.000 1.000   1.0
3.000 1.000 26.000 2.000 0.000 8.662 0.000 0.000 1.000   -1.0
2.000 1.000 32.000 0.000 0.000 10.500 0.000 0.000 1.000   -1.0
3.000 0.000 16.000 5.000 2.000 46.900 0.000 0.000 1.000   -1.0
2.000 1.000 21.000 0.000 0.000 73.500 0.000 0.000 1.000   -1.0
3.000 1.000 26.000 1.000 0.000 14.454 1.000 0.000 0.000   -1.0
3.000 1.000 32.000 0.000 0.000 56.496 0.000 0.000 1.000   1.0
3.000 1.000 25.000 0.000 0.000 7.650 0.000 0.000 1.000   -1.0
2.000 1.000 0.830 0.000 2.000 29.000 0.000 0.000 1.000   1.0
3.000 0.000 30.000 0.000 0.000 12.475 0.000 0.000 1.000   1.0
3.000 1.000 22.000 0.000 0.000 9.000 0.000 0.000 1.000   -1.0
3.000 1.000 29.000 0.000 0.000 9.500 0.000 0.000 1.000   1.0
1.000 1.000 28.000 0.000 0.000 47.100 0.000 0.000 1.000   -1.0
2.000 0.000 17.000 0.000 0.000 10.500 0.000 0.000 1.000   1.0
3.000 0.000 33.000 3.000 0.000 15.850 0.000 0.000 1.000   1.0
3.000 1.000 16.000 1.000 3.000 34.375 0.000 0.000 1.000   -1.0
1.000 0.000 23.000 3.000 2.000 263.000 0.000 0.000 1.000   1.0
3.000 1.000 24.000 0.000 0.000 8.050 0.000 0.000 1.000   -1.0
3.000 1.000 29.000 0.000 0.000 8.050 0.000 0.000 1.000   -1.0
3.000 1.000 20.000 0.000 0.000 7.854 0.000 0.000 1.000   -1.0
1.000 1.000 46.000 1.000 0.000 61.175 0.000 0.000 1.000   -1.0
3.000 1.000 26.000 1.000 2.000 20.575 0.000 0.000 1.000   -1.0
3.000 1.000 59.000 0.000 0.000 7.250 0.000 0.000 1.000   -1.0
1.000 1.000 71.000 0.000 0.000 34.654 1.000 0.000 0.000   -1.0
1.000 1.000 23.000 0.000 1.000 63.358 1.000 0.000 0.000   1.0
2.000 0.000 34.000 0.000 1.000 23.000 0.000 0.000 1.000   1.0
2.000 1.000 34.000 1.000 0.000 26.000 0.000 0.000 1.000   -1.0
3.000 0.000 28.000 0.000 0.000 7.896 0.000 0.000 1.000   -1.0
1.000 1.000 21.000 0.000 1.000 77.287 0.000 0.000 1.000   -1.0
3.000 1.000 33.000 0.000 0.000 8.654 0.000 0.000 1.000   -1.0
3.000 1.000 37.000 2.000 0.000 7.925 0.000 0.000 1.000   -1.0
3.000 1.000 28.000 0.000 0.000 7.896 0.000 0.000 1.000   -1.0
3.000 0.000 21.000 0.000 0.000 7.650 0.000 0.000 1.000   1.0
3.000 1.000 38.000 0.000 0.000 7.896 0.000 0.000 1.000   -1.0
1.000 1.000 47.000 0.000 0.000 52.000 0.000 0.000 1.000   -1.0
3.000 0.000 14.500 1.000 0.000 14.454 1.000 0.000 0.000   -1.0
3.000 1.000 22.000 0.000 0.000 8.050 0.000 0.000 1.000   -1.0
3.000 0.000 20.000 1.000 0.000 9.825 0.000 0.000 1.000   -1.0
3.000 0.000 17.000 0.000 0.000 14.458 1.000 0.000 0.000   -1.0
3.000 1.000 21.000 0.000 0.000 7.925 0.000 0.000 1.000   -1.0
3.000 1.000 70.500 0.000 0.000 7.750 0.000 1.000 0.000   -1.0
2.000 1.000 29.000 1.000 0.000 21.000 0.000 0.000 1.000   -1.0
1.000 1.000 24.000 0.000 1.000 247.521 1.000 0.000 0.000   -1.0
3.000 0.000 2.000 4.000 2.000 31.275 0.000 0.000 1.000   -1.0
2.000 1.000 21.000 2.000 0.000 73.500 0.000 0.000 1.000   -1.0
2.000 1.000 32.500 1.000 0.000 30.071 1.000 0.000 0.000   -1.0
2.000 0.000 32.500 0.000 0.000 13.000 0.000 0.000 1.000   1.0
1.000 1.000 54.000 0.000 1.000 77.287 0.000 0.000 1.000   -1.0
3.000 1.000 12.000 1.000 0.000 11.242 1.000 0.000 0.000   1.0
3.000 1.000 24.000 0.000 0.000 7.142 0.000 0.000 1.000   1.0
3.000 1.000 45.000 0.000 0.000 6.975 0.000 0.000 1.000   -1.0
3.000 1.000 33.000 0.000 0.000 7.896 1.000 0.000 0.000   -1.0
3.000 1.000 20.000 0.000 0.000 7.050 0.000 0.000 1.000   -1.0
3.000 0.000 47.000 1.000 0.000 14.500 0.000 0.000 1.000   -1.0
2.000 0.000 29.000 1.000 0.000 26.000 0.000 0.000 1.000   1.0
2.000 1.000 25.000 0.000 0.000 13.000 0.000 0.000 1.000   -1.0
2.000 1.000 23.000 0.000 0.000 15.046 1.000 0.000 0.000   -1.0
1.000 0.000 19.000 0.000 2.000 26.283 0.000 0.000 1.000   1.0
1.000 1.000 37.000 1.000 0.000 53.100 0.000 0.000 1.000   -1.0
3.000 1.000 16.000 0.000 0.000 9.217 0.000 0.000 1.000   -1.0
1.000 1.000 24.000 0.000 0.000 79.200 1.000 0.000 0.000   -1.0
3.000 0.000 22.000 0.000 0.000 7.750 0.000 0.000 1.000   1.0
3.000 0.000 24.000 1.000 0.000 15.850 0.000 0.000 1.000   1.0
3.000 1.000 19.000 0.000 0.000 6.750 0.000 1.000 0.000   -1.0
2.000 1.000 18.000 0.000 0.000 11.500 0.000 0.000 1.000   -1.0
2.000 1.000 19.000 1.000 1.000 36.750 0.000 0.000 1.000   -1.0
3.000 1.000 27.000 0.000 0.000 7.796 0.000 0.000 1.000   1.0
3.000 0.000 9.000 2.000 2.000 34.375 0.000 0.000 1.000   -1.0
2.000 1.000 36.500 0.000 2.000 26.000 0.000 0.000 1.000   -1.0
2.000 1.000 42.000 0.000 0.000 13.000 0.000 0.000 1.000   -1.0
2.000 1.000 51.000 0.000 0.000 12.525 0.000 0.000 1.000   -1.0
1.000 0.000 22.000 1.000 0.000 66.600 0.000 0.000 1.000   1.0
3.000 1.000 55.500 0.000 0.000 8.050 0.000 0.000 1.000   -1.0
3.000 1.000 40.500 0.000 2.000 14.500 0.000 0.000 1.000   -1.0
1.000 1.000 51.000 0.000 1.000 61.379 1.000 0.000 0.000   -1.0
3.000 0.000 16.000 0.000 0.000 7.733 0.000 1.000 0.000   1.0
3.000 1.000 30.000 0.000 0.000 8.050 0.000 0.000 1.000   -1.0
3.000 1.000 44.000 0.000 1.000 16.100 0.000 0.000 1.000   -1.0
2.000 0.000 40.000 0.000 0.000 15.750 0.000 0.000 1.000   1.0
3.000 1.000 26.000 0.000 0.000 7.775 0.000 0.000 1.000   -1.0
3.000 1.000 17.000 0.000 0.000 8.662 0.000 0.000 1.000   -1.0
3.000 1.000 1.000 4.000 1.000 39.688 0.000 0.000 1.000   -1.0
3.000 1.000 9.000 0.000 2.000 20.525 0.000 0.000 1.000   1.0
3.000 0.000 45.000 1.000 4.000 27.900 0.000 0.000 1.000   -1.0
3.000 1.000 28.000 0.000 0.000 56.496 0.000 0.000 1.000   -1.0
1.000 1.000 61.000 0.000 0.000 33.500 0.000 0.000 1.000   -1.0
3.000 1.000 4.000 4.000 1.000 29.125 0.000 1.000 0.000   -1.0
3.000 0.000 1.000 1.000 1.000 11.133 0.000 0.000 1.000   1.0
3.000 1.000 21.000 0.000 0.000 7.925 0.000 0.000 1.000   -1.0
1.000 1.000 56.000 0.000 0.000 30.696 1.000 0.000 0.000   -1.0
3.000 1.000 18.000 1.000 1.000 7.854 0.000 0.000 1.000   -1.0
1.000 0.000 50.000 0.000 0.000 28.712 1.000 0.000 0.000   -1.0
2.000 1.000 30.000 0.000 0.000 13.000 0.000 0.000 1.000   -1.0
3.000 1.000 36.000 0.000 0.000 0.000 0.000 0.000 1.000   -1.0
3.000 1.000 9.000 4.000 2.000 31.387 0.000 0.000 1.000   -1.0
2.000 1.000 1.000 2.000 1.000 39.000 0.000 0.000 1.000   1.0
3.000 0.000 4.000 0.000 2.000 22.025 0.000 0.000 1.000   1.0
1.000 1.000 45.000 0.000 0.000 26.550 0.000 0.000 1.000   1.0
3.000 1.000 40.000 1.000 1.000 15.500 0.000 1.000 0.000   -1.0
3.000 1.000 36.000 0.000 0.000 7.896 0.000 0.000 1.000   -1.0
2.000 0.000 32.000 0.000 0.000 13.000 0.000 0.000 1.000   1.0
2.000 1.000 19.000 0.000 0.000 13.000 0.000 0.000 1.000   -1.0
3.000 0.000 19.000 1.000 0.000 7.854 0.000 0.000 1.000   1.0
2.000 1.000 3.000 1.000 1.000 26.000 0.000 0.000 1.000   1.0
1.000 0.000 44.000 0.000 0.000 27.721 1.000 0.000 0.000   1.0
1.000 0.000 58.000 0.000 0.000 146.521 1.000 0.000 0.000   1.0
3.000 1.000 42.000 0.000 1.000 8.404 0.000 0.000 1.000   -1.0
2.000 0.000 24.000 0.000 0.000 13.000 0.000 0.000 1.000   -1.0
3.000 1.000 28.000 0.000 0.000 9.500 0.000 0.000 1.000   -1.0
3.000 1.000 34.000 0.000 0.000 6.496 0.000 0.000 1.000   -1.0
3.000 1.000 45.500 0.000 0.000 7.225 1.000 0.000 0.000   -1.0
3.000 1.000 18.000 0.000 0.000 8.050 0.000 0.000 1.000   1.0
3.000 0.000 2.000 0.000 1.000 10.463 0.000 0.000 1.000   -1.0
3.000 1.000 32.000 1.000 0.000 15.850 0.000 0.000 1.000   -1.0
3.000 1.000 26.000 0.000 0.000 18.788 1.000 0.000 0.000   1.0
3.000 0.000 16.000 0.000 0.000 7.750 0.000 1.000 0.000   1.0
1.000 1.000 40.000 0.000 0.000 31.000 1.000 0.000 0.000   1.0
3.000 1.000 24.000 0.000 0.000 7.050 0.000 0.000 1.000   -1.0
2.000 0.000 35.000 0.000 0.000 21.000 0.000 0.000 1.000   1.0
3.000 1.000 22.000 0.000 0.000 7.250 0.000 0.000 1.000   -1.0
2.000 1.000 30.000 0.000 0.000 13.000 0.000 0.000 1.000   -1.0
1.000 0.000 31.000 1.000 0.000 113.275 1.000 0.000 0.000   1.0
3.000 0.000 27.000 0.000 0.000 7.925 0.000 0.000 1.000   1.0
2.000 1.000 42.000 1.000 0.000 27.000 0.000 0.000 1.000   -1.0
1.000 0.000 32.000 0.000 0.000 76.292 1.000 0.000 0.000   1.0
2.000 1.000 30.000 0.000 0.000 10.500 0.000 0.000 1.000   -1.0
3.000 1.000 16.000 0.000 0.000 8.050 0.000 0.000 1.000   1.0
2.000 1.000 27.000 0.000 0.000 13.000 0.000 0.000 1.000   -1.0
3.000 1.000 51.000 0.000 0.000 8.050 0.000 0.000 1.000   -1.0
1.000 1.000 38.000 1.000 0.000 90.000 0.000 0.000 1.000   1.0
3.000 1.000 22.000 0.000 0.000 9.350 0.000 0.000 1.000   -1.0
2.000 1.000 19.000 0.000 0.000 10.500 0.000 0.000 1.000   1.0
3.000 1.000 20.500 0.000 0.000 7.250 0.000 0.000 1.000   -1.0
2.000 1.000 18.000 0.000 0.000 13.000 0.000 0.000 1.000   -1.0
1.000 0.000 35.000 1.000 0.000 83.475 0.000 0.000 1.000   1.0
3.000 1.000 29.000 0.000 0.000 7.775 0.000 0.000 1.000   -1.0
2.000 1.000 59.000 0.000 0.000 13.500 0.000 0.000 1.000   -1.0
3.000 0.000 5.000 4.000 2.000 31.387 0.000 0.000 1.000   1.0
2.000 1.000 24.000 0.000 0.000 10.500 0.000 0.000 1.000   -1.0
2.000 1.000 44.000 1.000 0.000 26.000 0.000 0.000 1.000   -1.0
2.000 0.000 8.000 0.000 2.000 26.250 0.000 0.000 1.000   1.0
2.000 1.000 19.000 0.000 0.000 10.500 0.000 0.000 1.000   -1.0
2.000 1.000 33.000 0.000 0.000 12.275 0.000 0.000 1.000   -1.0
2.000 1.000 29.000 0.000 0.000 10.500 0.000 0.000 1.000   -1.0
3.000 1.000 22.000 0.000 0.000 7.125 0.000 0.000 1.000   -1.0
3.000 1.000 30.000 0.000 0.000 7.225 1.000 0.000 0.000   -1.0
1.000 1.000 44.000 2.000 0.000 90.000 0.000 1.000 0.000   -1.0
3.000 0.000 25.000 0.000 0.000 7.775 0.000 0.000 1.000   -1.0
2.000 0.000 24.000 0.000 2.000 14.500 0.000 0.000 1.000   1.0
1.000 1.000 37.000 1.000 1.000 52.554 0.000 0.000 1.000   1.0
2.000 1.000 54.000 1.000 0.000 26.000 0.000 0.000 1.000   -1.0
3.000 0.000 29.000 1.000 1.000 10.463 0.000 0.000 1.000   -1.0
1.000 1.000 62.000 0.000 0.000 26.550 0.000 0.000 1.000   -1.0
3.000 1.000 30.000 1.000 0.000 16.100 0.000 0.000 1.000   -1.0
3.000 0.000 41.000 0.000 2.000 20.212 0.000 0.000 1.000   -1.0
3.000 0.000 29.000 0.000 2.000 15.246 1.000 0.000 0.000   1.0
1.000 0.000 30.000 0.000 0.000 86.500 0.000 0.000 1.000   1.0
1.000 0.000 35.000 0.000 0.000 512.329 1.000 0.000 0.000   1.0
2.000 0.000 50.000 0.000 1.000 26.000 0.000 0.000 1.000   1.0
3.000 1.000 3.000 4.000 2.000 31.387 0.000 0.000 1.000   1.0
1.000 1.000 52.000 1.000 1.000 79.650 0.000 0.000 1.000   -1.0
1.000 1.000 40.000 0.000 0.000 0.000 0.000 0.000 1.000   -1.0
2.000 1.000 36.000 0.000 0.000 10.500 0.000 0.000 1.000   -1.0
3.000 1.000 16.000 4.000 1.000 39.688 0.000 0.000 1.000   -1.0
3.000 1.000 25.000 1.000 0.000 7.775 0.000 0.000 1.000   1.0
1.000 0.000 58.000 0.000 1.000 153.463 0.000 0.000 1.000   1.0
1.000 0.000 35.000 0.000 0.000 135.633 0.000 0.000 1.000   1.0
3.000 1.000 25.000 0.000 0.000 0.000 0.000 0.000 1.000   1.0
2.000 0.000 41.000 0.000 1.000 19.500 0.000 0.000 1.000   1.0
1.000 1.000 37.000 0.000 1.000 29.700 1.000 0.000 0.000   -1.0
1.000 0.000 63.000 1.000 0.000 77.958 0.000 0.000 1.000   1.0
3.000 0.000 45.000 0.000 0.000 7.750 0.000 0.000 1.000   -1.0
3.000 1.000 7.000 4.000 1.000 29.125 0.000 1.000 0.000   -1.0
3.000 0.000 35.000 1.000 1.000 20.250 0.000 0.000 1.000   1.0
3.000 1.000 65.000 0.000 0.000 7.750 0.000 1.000 0.000   -1.0
3.000 1.000 28.000 0.000 0.000 7.854 0.000 0.000 1.000   -1.0
3.000 1.000 16.000 0.000 0.000 9.500 0.000 0.000 1.000   -1.0
3.000 1.000 19.000 0.000 0.000 8.050 0.000 0.000 1.000   1.0
3.000 1.000 33.000 0.000 0.000 8.662 1.000 0.000 0.000   -1.0
3.000 1.000 30.000 0.000 0.000 9.500 0.000 0.000 1.000   1.0
3.000 1.000 22.000 0.000 0.000 7.896 0.000 0.000 1.000   -1.0
2.000 1.000 42.000 0.000 0.000 13.000 0.000 0.000 1.000   1.0
3.000 0.000 22.000 0.000 0.000 7.750 0.000 1.000 0.000   1.0
1.000 0.000 26.000 0.000 0.000 78.850 0.000 0.000 1.000   1.0
1.000 0.000 19.000 1.000 0.000 91.079 1.000 0.000 0.000   1.0
2.000 1.000 36.000 0.000 0.000 12.875 1.000 0.000 0.000   -1.0
3.000 0.000 24.000 0.000 0.000 8.850 0.000 0.000 1.000   -1.0
3.000 1.000 24.000 0.000 0.000 7.896 0.000 0.000 1.000   -1.0
3.000 1.000 23.500 0.000 0.000 7.229 1.000 0.000 0.000   -1.0
1.000 0.000 2.000 1.000 2.000 151.550 0.000 0.000 1.000   -1.0
1.000 0.000 50.000 0.000 1.000 247.521 1.000 0.000 0.000   1.0
3.000 1.000 19.000 0.000 0.000 0.000 0.000 0.000 1.000   -1.0
1.000 1.000 0.920 1.000 2.000 151.550 0.000 0.000 1.000   1.0
1.000 0.000 17.000 1.000 0.000 108.900 1.000 0.000 0.000   1.0
2.000 1.000 30.000 1.000 0.000 24.000 1.000 0.000 0.000   -1.0
1.000 0.000 30.000 0.000 0.000 56.929 1.000 0.000 0.000   1.0
1.000 0.000 24.000 0.000 0.000 83.158 1.000 0.000 0.000   1.0
1.000 0.000 18.000 2.000 2.000 262.375 1.000 0.000 0.000   1.0
2.000 0.000 26.000 1.000 1.000 26.000 0.000 0.000 1.000   -1.0
3.000 1.000 28.000 0.000 0.000 7.896 0.000 0.000 1.000   -1.0
2.000 1.000 43.000 1.000 1.000 26.250 0.000 0.000 1.000   -1.0
3.000 0.000 26.000 0.000 0.000 7.854 0.000 0.000 1.000   1.0
2.000 0.000 24.000 1.000 0.000 26.000 0.000 0.000 1.000   1.0
2.000 1.000 54.000 0.000 0.000 14.000 0.000 0.000 1.000   -1.0
1.000 0.000 31.000 0.000 2.000 164.867 0.000 0.000 1.000   1.0
1.000 0.000 40.000 1.000 1.000 134.500 1.000 0.000 0.000   1.0
3.000 1.000 22.000 0.000 0.000 7.250 0.000 0.000 1.000   -1.0
3.000 1.000 27.000 0.000 0.000 7.896 0.000 0.000 1.000   -1.0
2.000 0.000 30.000 0.000 0.000 12.350 0.000 1.000 0.000   1.0
2.000 0.000 22.000 1.000 1.000 29.000 0.000 0.000 1.000   1.0
1.000 0.000 36.000 0.000 0.000 135.633 1.000 0.000 0.000   1.0
3.000 1.000 61.000 0.000 0.000 6.237 0.000 0.000 1.000   -1.0
2.000 0.000 36.000 0.000 0.000 13.000 0.000 0.000 1.000   1.0
3.000 0.000 31.000 1.000 1.000 20.525 0.000 0.000 1.000   1.0
1.000 0.000 16.000 0.000 1.000 57.979 1.000 0.000 0.000   1.0
1.000 1.000 45.500 0.000 0.000 28.500 0.000 0.000 1.000   -1.0
1.000 1.000 38.000 0.000 1.000 153.463 0.000 0.000 1.000   -1.0
3.000 1.000 16.000 2.000 0.000 18.000 0.000 0.000 1.000   -1.0
1.000 1.000 29.000 1.000 0.000 66.600 0.000 0.000 1.000   -1.0
1.000 0.000 41.000 0.000 0.000 134.500 1.000 0.000 0.000   1.0
3.000 1.000 45.000 0.000 0.000 8.050 0.000 0.000 1.000   1.0
1.000 1.000 45.000 0.000 0.000 35.500 0.000 0.000 1.000   -1.0
2.000 1.000 2.000 1.000 1.000 26.000 0.000 0.000 1.000   1.0
1.000 0.000 24.000 3.000 2.000 263.000 0.000 0.000 1.000   1.0
2.000 1.000 28.000 0.000 0.000 13.000 0.000 0.000 1.000   -1.0
2.000 1.000 25.000 0.000 0.000 13.000 0.000 0.000 1.000   -1.0
2.000 1.000 36.000 0.000 0.000 13.000 0.000 0.000 1.000   -1.0
2.000 0.000 24.000 0.000 0.000 13.000 0.000 0.000 1.000   1.0
2.000 0.000 40.000 0.000 0.000 13.000 0.000 0.000 1.000   1.0
3.000 1.000 3.000 1.000 1.000 15.900 0.000 0.000 1.000   1.0
3.000 1.000 42.000 0.000 0.000 8.662 0.000 0.000 1.000   -1.0
3.000 1.000 23.000 0.000 0.000 9.225 0.000 0.000 1.000   -1.0
3.000 1.000 15.000 1.000 1.000 7.229 1.000 0.000 0.000   -1.0
3.000 1.000 25.000 1.000 0.000 17.800 0.000 0.000 1.000   -1.0
3.000 1.000 28.000 0.000 0.000 9.500 0.000 0.000 1.000   -1.0
1.000 0.000 22.000 0.000 1.000 55.000 0.000 0.000 1.000   1.0
2.000 0.000 38.000 0.000 0.000 13.000 0.000 0.000 1.000   -1.0
3.000 1.000 40.000 1.000 4.000 27.900 0.000 0.000 1.000   -1.0
2.000 1.000 29.000 1.000 0.000 27.721 1.000 0.000 0.000   -1.0
3.000 0.000 45.000 0.000 1.000 14.454 1.000 0.000 0.000   -1.0
3.000 1.000 35.000 0.000 0.000 7.050 0.000 0.000 1.000   -1.0
3.000 1.000 30.000 0.000 0.000 7.250 0.000 0.000 1.000   -1.0
1.000 0.000 60.000 1.000 0.000 75.250 1.000 0.000 0.000   1.0
1.000 0.000 24.000 0.000 0.000 69.300 1.000 0.000 0.000   1.0
1.000 1.000 25.000 1.000 0.000 55.442 1.000 0.000 0.000   1.0
3.000 1.000 18.000 1.000 0.000 6.496 0.000 0.000 1.000   -1.0
3.000 1.000 19.000 0.000 0.000 8.050 0.000 0.000 1.000   -1.0
1.000 1.000 22.000 0.000 0.000 135.633 1.000 0.000 0.000   -1.0
3.000 0.000 3.000 3.000 1.000 21.075 0.000 0.000 1.000   -1.0
3.000 0.000 22.000 0.000 0.000 7.250 0.000 0.000 1.000   1.0
1.000 1.000 27.000 0.000 2.000 211.500 1.000 0.000 0.000   -1.0
3.000 1.000 20.000 0.000 0.000 4.013 1.000 0.000 0.000   -1.0
3.000 1.000 19.000 0.000 0.000 7.775 0.000 0.000 1.000   -1.0
1.000 0.000 42.000 0.000 0.000 227.525 1.000 0.000 0.000   1.0
3.000 0.000 1.000 0.000 2.000 15.742 1.000 0.000 0.000   1.0
3.000 1.000 32.000 0.000 0.000 7.925 0.000 0.000 1.000   -1.0
1.000 0.000 35.000 1.000 0.000 52.000 0.000 0.000 1.000   1.0
2.000 1.000 18.000 0.000 0.000 73.500 0.000 0.000 1.000   -1.0
3.000 1.000 1.000 5.000 2.000 46.900 0.000 0.000 1.000   -1.0
2.000 0.000 36.000 0.000 0.000 13.000 0.000 0.000 1.000   1.0
2.000 0.000 17.000 0.000 0.000 12.000 1.000 0.000 0.000   1.0
1.000 1.000 36.000 1.000 2.000 120.000 0.000 0.000 1.000   1.0
3.000 1.000 21.000 0.000 0.000 7.796 0.000 0.000 1.000   1.0
3.000 1.000 28.000 2.000 0.000 7.925 0.000 0.000 1.000   -1.0
1.000 0.000 23.000 1.000 0.000 113.275 1.000 0.000 0.000   1.0
3.000 0.000 24.000 0.000 2.000 16.700 0.000 0.000 1.000   1.0
3.000 1.000 22.000 0.000 0.000 7.796 0.000 0.000 1.000   -1.0
3.000 0.000 31.000 0.000 0.000 7.854 0.000 0.000 1.000   -1.0
2.000 1.000 46.000 0.000 0.000 26.000 0.000 0.000 1.000   -1.0
2.000 1.000 23.000 0.000 0.000 10.500 0.000 0.000 1.000   -1.0
2.000 0.000 28.000 0.000 0.000 12.650 0.000 0.000 1.000   1.0
3.000 1.000 39.000 0.000 0.000 7.925 0.000 0.000 1.000   1.0
3.000 1.000 26.000 0.000 0.000 8.050 0.000 0.000 1.000   -1.0
3.000 0.000 21.000 1.000 0.000 9.825 0.000 0.000 1.000   -1.0
3.000 1.000 28.000 1.000 0.000 15.850 0.000 0.000 1.000   -1.0
3.000 0.000 20.000 0.000 0.000 8.662 0.000 0.000 1.000   -1.0
2.000 1.000 34.000 1.000 0.000 21.000 0.000 0.000 1.000   -1.0
3.000 1.000 51.000 0.000 0.000 7.750 0.000 0.000 1.000   -1.0
2.000 1.000 3.000 1.000 1.000 18.750 0.000 0.000 1.000   1.0
3.000 1.000 21.000 0.000 0.000 7.775 0.000 0.000 1.000   -1.0
1.000 0.000 33.000 1.000 0.000 90.000 0.000 1.000 0.000   1.0
3.000 1.000 44.000 0.000 0.000 7.925 0.000 0.000 1.000   1.0
2.000 0.000 34.000 1.000 1.000 32.500 0.000 0.000 1.000   1.0
2.000 0.000 18.000 0.000 2.000 13.000 0.000 0.000 1.000   1.0
2.000 1.000 30.000 0.000 0.000 13.000 0.000 0.000 1.000   -1.0
3.000 0.000 10.000 0.000 2.000 24.150 0.000 0.000 1.000   -1.0
3.000 1.000 21.000 0.000 0.000 7.733 0.000 1.000 0.000   -1.0
3.000 1.000 29.000 0.000 0.000 7.875 0.000 0.000 1.000   -1.0
3.000 0.000 28.000 1.000 1.000 14.400 0.000 0.000 1.000   -1.0
3.000 1.000 18.000 1.000 1.000 20.212 0.000 0.000 1.000   -1.0
2.000 0.000 28.000 1.000 0.000 26.000 0.000 0.000 1.000   1.0
2.000 0.000 19.000 0.000 0.000 26.000 0.000 0.000 1.000   1.0
3.000 1.000 32.000 0.000 0.000 8.050 0.000 0.000 1.000   1.0
1.000 1.000 28.000 0.000 0.000 26.550 0.000 0.000 1.000   1.0
2.000 0.000 42.000 1.000 0.000 26.000 0.000 0.000 1.000   1.0
3.000 1.000 17.000 0.000 0.000 7.125 0.000 0.000 1.000   -1.0
1.000 1.000 50.000 1.000 0.000 55.900 0.000 0.000 1.000   -1.0
1.000 0.000 14.000 1.000 2.000 120.000 0.000 0.000 1.000   1.0
3.000 0.000 21.000 2.000 2.000 34.375 0.000 0.000 1.000   -1.0
2.000 0.000 24.000 2.000 3.000 18.750 0.000 0.000 1.000   1.0
1.000 1.000 64.000 1.000 4.000 263.000 0.000 0.000 1.000   -1.0
2.000 1.000 31.000 0.000 0.000 10.500 0.000 0.000 1.000   -1.0
2.000 0.000 45.000 1.000 1.000 26.250 0.000 0.000 1.000   1.0
3.000 1.000 20.000 0.000 0.000 9.500 0.000 0.000 1.000   -1.0
3.000 1.000 25.000 1.000 0.000 7.775 0.000 0.000 1.000   -1.0
2.000 0.000 28.000 0.000 0.000 13.000 0.000 0.000 1.000   1.0
1.000 1.000 4.000 0.000 2.000 81.858 0.000 0.000 1.000   1.0
2.000 0.000 13.000 0.000 1.000 19.500 0.000 0.000 1.000   1.0
1.000 1.000 34.000 0.000 0.000 26.550 0.000 0.000 1.000   1.0
3.000 0.000 5.000 2.000 1.000 19.258 1.000 0.000 0.000   1.0
1.000 1.000 52.000 0.000 0.000 30.500 0.000 0.000 1.000   1.0
2.000 1.000 36.000 1.000 2.000 27.750 0.000 0.000 1.000   -1.0
1.000 1.000 30.000 0.000 0.000 27.750 1.000 0.000 0.000   -1.0
1.000 1.000 49.000 1.000 0.000 89.104 1.000 0.000 0.000   1.0
3.000 1.000 29.000 0.000 0.000 7.896 1.000 0.000 0.000   1.0
1.000 1.000 65.000 0.000 0.000 26.550 0.000 0.000 1.000   -1.0
2.000 0.000 50.000 0.000 0.000 10.500 0.000 0.000 1.000   1.0
1.000 1.000 48.000 0.000 0.000 26.550 0.000 0.000 1.000   1.0
3.000 1.000 34.000 0.000 0.000 8.050 0.000 0.000 1.000   -1.0
1.000 1.000 47.000 0.000 0.000 38.500 0.000 0.000 1.000   -1.0
2.000 1.000 48.000 0.000 0.000 13.000 0.000 0.000 1.000   -1.0
3.000 1.000 38.000 0.000 0.000 7.050 0.000 0.000 1.000   -1.0
1.000 1.000 56.000 0.000 0.000 26.550 0.000 0.000 1.000   -1.0
3.000 0.000 0.750 2.000 1.000 19.258 1.000 0.000 0.000   1.0
3.000 1.000 38.000 0.000 0.000 8.662 0.000 0.000 1.000   -1.0
2.000 0.000 33.000 1.000 2.000 27.750 0.000 0.000 1.000   1.0
2.000 0.000 23.000 0.000 0.000 13.792 1.000 0.000 0.000   1.0
3.000 0.000 22.000 0.000 0.000 9.838 0.000 0.000 1.000   -1.0
2.000 1.000 34.000 1.000 0.000 21.000 0.000 0.000 1.000   -1.0
3.000 1.000 29.000 1.000 0.000 7.046 0.000 0.000 1.000   -1.0
3.000 1.000 22.000 0.000 0.000 7.521 0.000 0.000 1.000   -1.0
3.000 0.000 2.000 0.000 1.000 12.287 0.000 0.000 1.000   1.0
3.000 1.000 9.000 5.000 2.000 46.900 0.000 0.000 1.000   -1.0
3.000 1.000 50.000 0.000 0.000 8.050 0.000 0.000 1.000   -1.0
3.000 0.000 63.000 0.000 0.000 9.588 0.000 0.000 1.000   1.0
1.000 1.000 25.000 1.000 0.000 91.079 1.000 0.000 0.000   1.0
1.000 0.000 35.000 1.000 0.000 90.000 0.000 0.000 1.000   1.0
1.000 1.000 58.000 0.000 0.000 29.700 1.000 0.000 0.000   -1.0
3.000 1.000 30.000 0.000 0.000 8.050 0.000 0.000 1.000   -1.0
3.000 1.000 9.000 1.000 1.000 15.900 0.000 0.000 1.000   1.0
3.000 1.000 21.000 0.000 0.000 7.250 0.000 0.000 1.000   -1.0
1.000 1.000 55.000 0.000 0.000 30.500 0.000 0.000 1.000   -1.0
1.000 1.000 71.000 0.000 0.000 49.504 1.000 0.000 0.000   -1.0
3.000 1.000 21.000 0.000 0.000 8.050 0.000 0.000 1.000   -1.0
1.000 0.000 54.000 1.000 0.000 78.267 1.000 0.000 0.000   1.0
1.000 0.000 25.000 1.000 2.000 151.550 0.000 0.000 1.000   -1.0
3.000 1.000 24.000 0.000 0.000 7.796 0.000 0.000 1.000   -1.0
3.000 1.000 17.000 0.000 0.000 8.662 0.000 0.000 1.000   -1.0
3.000 0.000 21.000 0.000 0.000 7.750 0.000 1.000 0.000   -1.0
3.000 0.000 37.000 0.000 0.000 9.588 0.000 0.000 1.000   -1.0
1.000 0.000 16.000 0.000 0.000 86.500 0.000 0.000 1.000   1.0
1.000 1.000 18.000 1.000 0.000 108.900 1.000 0.000 0.000   -1.0
2.000 0.000 33.000 0.000 2.000 26.000 0.000 0.000 1.000   1.0
3.000 1.000 28.000 0.000 0.000 22.525 0.000 0.000 1.000   -1.0
3.000 1.000 26.000 0.000 0.000 56.496 0.000 0.000 1.000   1.0
3.000 1.000 29.000 0.000 0.000 7.750 0.000 1.000 0.000   1.0
1.000 1.000 36.000 0.000 0.000 26.288 0.000 0.000 1.000   1.0
1.000 0.000 54.000 1.000 0.000 59.400 1.000 0.000 0.000   1.0
3.000 1.000 24.000 0.000 0.000 7.496 0.000 0.000 1.000   -1.0
1.000 1.000 47.000 0.000 0.000 34.021 0.000 0.000 1.000   -1.0
2.000 0.000 34.000 0.000 0.000 10.500 0.000 0.000 1.000   1.0
2.000 0.000 36.000 1.000 0.000 26.000 0.000 0.000 1.000   1.0
3.000 1.000 32.000 0.000 0.000 7.896 0.000 0.000 1.000   -1.0
1.000 0.000 30.000 0.000 0.000 93.500 0.000 0.000 1.000   1.0
3.000 1.000 22.000 0.000 0.000 7.896 0.000 0.000 1.000   -1.0
1.000 0.000 44.000 0.000 1.000 57.979 1.000 0.000 0.000   1.0
3.000 1.000 40.500 0.000 0.000 7.750 0.000 1.000 0.000   -1.0
2.000 0.000 50.000 0.000 0.000 10.500 0.000 0.000 1.000   1.0
3.000 1.000 39.000 0.000 0.000 7.925 0.000 0.000 1.000   -1.0
2.000 1.000 23.000 2.000 1.000 11.500 0.000 0.000 1.000   -1.0
2.000 0.000 2.000 1.000 1.000 26.000 0.000 0.000 1.000   1.0
3.000 1.000 17.000 1.000 1.000 7.229 1.000 0.000 0.000   -1.0
3.000 0.000 30.000 0.000 0.000 8.662 0.000 0.000 1.000   -1.0
2.000 0.000 7.000 0.000 2.000 26.250 0.000 0.000 1.000   1.0
1.000 1.000 45.000 0.000 0.000 26.550 0.000 0.000 1.000   -1.0
1.000 0.000 30.000 0.000 0.000 106.425 1.000 0.000 0.000   1.0
1.000 0.000 22.000 0.000 2.000 49.500 1.000 0.000 0.000   1.0
1.000 0.000 36.000 0.000 2.000 71.000 0.000 0.000 1.000   1.0
3.000 0.000 9.000 4.000 2.000 31.275 0.000 0.000 1.000   -1.0
3.000 0.000 11.000 4.000 2.000 31.275 0.000 0.000 1.000   -1.0
2.000 1.000 32.000 1.000 0.000 26.000 0.000 0.000 1.000   1.0
1.000 1.000 50.000 1.000 0.000 106.425 1.000 0.000 0.000   -1.0
1.000 1.000 64.000 0.000 0.000 26.000 0.000 0.000 1.000   -1.0
2.000 0.000 19.000 1.000 0.000 26.000 0.000 0.000 1.000   1.0
3.000 1.000 33.000 1.000 1.000 20.525 0.000 0.000 1.000   -1.0
2.000 1.000 8.000 1.000 1.000 36.750 0.000 0.000 1.000   1.0
1.000 1.000 17.000 0.000 2.000 110.883 1.000 0.000 0.000   1.0
2.000 1.000 27.000 0.000 0.000 26.000 0.000 0.000 1.000   -1.0
3.000 1.000 22.000 0.000 0.000 7.225 1.000 0.000 0.000   1.0
3.000 0.000 22.000 0.000 0.000 7.775 0.000 0.000 1.000   1.0
1.000 1.000 62.000 0.000 0.000 26.550 0.000 0.000 1.000   -1.0
1.000 0.000 48.000 1.000 0.000 39.600 1.000 0.000 0.000   1.0
1.000 0.000 39.000 1.000 1.000 79.650 0.000 0.000 1.000   1.0
3.000 0.000 36.000 1.000 0.000 17.400 0.000 0.000 1.000   1.0
3.000 1.000 40.000 0.000 0.000 7.896 0.000 0.000 1.000   -1.0
2.000 1.000 28.000 0.000 0.000 13.500 0.000 0.000 1.000   -1.0
3.000 1.000 24.000 2.000 0.000 24.150 0.000 0.000 1.000   -1.0
3.000 1.000 19.000 0.000 0.000 7.896 0.000 0.000 1.000   -1.0
3.000 0.000 29.000 0.000 4.000 21.075 0.000 0.000 1.000   -1.0
3.000 1.000 32.000 0.000 0.000 7.854 0.000 0.000 1.000   1.0
2.000 1.000 62.000 0.000 0.000 10.500 0.000 0.000 1.000   1.0
1.000 0.000 53.000 2.000 0.000 51.479 0.000 0.000 1.000   1.0
1.000 1.000 36.000 0.000 0.000 26.387 0.000 0.000 1.000   1.0
3.000 1.000 16.000 0.000 0.000 8.050 0.000 0.000 1.000   -1.0
3.000 1.000 19.000 0.000 0.000 14.500 0.000 0.000 1.000   -1.0
2.000 0.000 34.000 0.000 0.000 13.000 0.000 0.000 1.000   1.0
1.000 0.000 39.000 1.000 0.000 55.900 0.000 0.000 1.000   1.0
3.000 1.000 32.000 0.000 0.000 7.925 0.000 0.000 1.000   1.0
2.000 0.000 25.000 1.000 1.000 30.000 0.000 0.000 1.000   1.0
1.000 0.000 39.000 1.000 1.000 110.883 1.000 0.000 0.000   1.0
2.000 1.000 54.000 0.000 0.000 26.000 0.000 0.000 1.000   -1.0
1.000 1.000 36.000 0.000 0.000 40.125 1.000 0.000 0.000   -1.0
1.000 0.000 18.000 0.000 2.000 79.650 0.000 0.000 1.000   1.0
2.000 1.000 47.000 0.000 0.000 15.000 0.000 0.000 1.000   -1.0
1.000 1.000 60.000 1.000 1.000 79.200 1.000 0.000 0.000   1.0
3.000 1.000 22.000 0.000 0.000 8.050 0.000 0.000 1.000   -1.0
3.000 1.000 35.000 0.000 0.000 7.125 0.000 0.000 1.000   -1.0
1.000 0.000 52.000 1.000 0.000 78.267 1.000 0.000 0.000   1.0
3.000 1.000 47.000 0.000 0.000 7.250 0.000 0.000 1.000   -1.0
2.000 1.000 37.000 1.000 0.000 26.000 0.000 0.000 1.000   -1.0
3.000 1.000 36.000 1.000 1.000 24.150 0.000 0.000 1.000   -1.0
3.000 1.000 49.000 0.000 0.000 0.000 0.000 0.000 1.000   -1.0
1.000 1.000 49.000 1.000 0.000 56.929 1.000 0.000 0.000   1.0
2.000 0.000 24.000 2.000 1.000 27.000 0.000 0.000 1.000   1.0
3.000 1.000 44.000 0.000 0.000 8.050 0.000 0.000 1.000   -1.0
1.000 1.000 35.000 0.000 0.000 26.550 1.000 0.000 0.000   1.0
3.000 1.000 36.000 1.000 0.000 15.550 0.000 0.000 1.000   -1.0
3.000 1.000 30.000 0.000 0.000 7.896 0.000 0.000 1.000   -1.0
1.000 1.000 27.000 0.000 0.000 30.500 0.000 0.000 1.000   1.0
2.000 0.000 22.000 1.000 2.000 41.579 1.000 0.000 0.000   1.0
1.000 0.000 40.000 0.000 0.000 153.463 0.000 0.000 1.000   1.0
3.000 0.000 39.000 1.000 5.000 31.275 0.000 0.000 1.000   -1.0
3.000 1.000 35.000 0.000 0.000 8.050 0.000 0.000 1.000   -1.0
2.000 0.000 24.000 1.000 2.000 65.000 0.000 0.000 1.000   1.0
3.000 1.000 34.000 1.000 1.000 14.400 0.000 0.000 1.000   -1.0
3.000 0.000 26.000 1.000 0.000 16.100 0.000 0.000 1.000   -1.0
2.000 0.000 4.000 2.000 1.000 39.000 0.000 0.000 1.000   1.0
2.000 1.000 26.000 0.000 0.000 10.500 0.000 0.000 1.000   -1.0
3.000 1.000 27.000 1.000 0.000 14.454 1.000 0.000 0.000   -1.0
1.000 1.000 42.000 1.000 0.000 52.554 0.000 0.000 1.000   1.0
3.000 1.000 20.000 1.000 1.000 15.742 1.000 0.000 0.000   1.0
3.000 1.000 21.000 0.000 0.000 7.854 0.000 0.000 1.000   -1.0
3.000 1.000 21.000 0.000 0.000 16.100 0.000 0.000 1.000   -1.0
1.000 1.000 61.000 0.000 0.000 32.321 0.000 0.000 1.000   -1.0
2.000 1.000 57.000 0.000 0.000 12.350 0.000 1.000 0.000   -1.0
1.000 0.000 21.000 0.000 0.000 77.958 0.000 0.000 1.000   1.0
3.000 1.000 26.000 0.000 0.000 7.896 0.000 0.000 1.000   -1.0
1.000 1.000 80.000 0.000 0.000 30.000 0.000 0.000 1.000   1.0
3.000 1.000 51.000 0.000 0.000 7.054 0.000 0.000 1.000   -1.0
1.000 1.000 32.000 0.000 0.000 30.500 1.000 0.000 0.000   1.0
3.000 0.000 9.000 3.000 2.000 27.900 0.000 0.000 1.000   -1.0
2.000 0.000 28.000 0.000 0.000 13.000 0.000 0.000 1.000   1.0
3.000 1.000 32.000 0.000 0.000 7.925 0.000 0.000 1.000   -1.0
2.000 1.000 31.000 1.000 1.000 26.250 0.000 0.000 1.000   -1.0
3.000 0.000 41.000 0.000 5.000 39.688 0.000 0.000 1.000   -1.0
3.000 1.000 20.000 0.000 0.000 7.854 0.000 0.000 1.000   -1.0
1.000 0.000 24.000 0.000 0.000 69.300 1.000 0.000 0.000   1.0
3.000 0.000 2.000 3.000 2.000 27.900 0.000 0.000 1.000   -1.0
3.000 0.000 0.750 2.000 1.000 19.258 1.000 0.000 0.000   1.0
1.000 1.000 48.000 1.000 0.000 76.729 1.000 0.000 0.000   1.0
3.000 1.000 19.000 0.000 0.000 7.896 0.000 0.000 1.000   -1.0
1.000 1.000 56.000 0.000 0.000 35.500 1.000 0.000 0.000   1.0
3.000 0.000 23.000 0.000 0.000 7.550 0.000 0.000 1.000   1.0
2.000 0.000 18.000 0.000 1.000 23.000 0.000 0.000 1.000   1.0
3.000 1.000 21.000 0.000 0.000 8.433 0.000 0.000 1.000   -1.0
3.000 0.000 18.000 0.000 0.000 6.750 0.000 1.000 0.000   -1.0
2.000 1.000 24.000 2.000 0.000 73.500 0.000 0.000 1.000   -1.0
3.000 0.000 32.000 1.000 1.000 15.500 0.000 1.000 0.000   -1.0
2.000 1.000 23.000 0.000 0.000 13.000 0.000 0.000 1.000   -1.0
1.000 1.000 58.000 0.000 2.000 113.275 1.000 0.000 0.000   -1.0
1.000 1.000 50.000 2.000 0.000 133.650 0.000 0.000 1.000   1.0
3.000 1.000 40.000 0.000 0.000 7.225 1.000 0.000 0.000   -1.0
1.000 1.000 47.000 0.000 0.000 25.587 0.000 0.000 1.000   -1.0
3.000 1.000 36.000 0.000 0.000 7.496 0.000 0.000 1.000   -1.0
3.000 1.000 20.000 1.000 0.000 7.925 0.000 0.000 1.000   1.0
2.000 1.000 32.000 2.000 0.000 73.500 0.000 0.000 1.000   -1.0
2.000 1.000 25.000 0.000 0.000 13.000 0.000 0.000 1.000   -1.0
3.000 1.000 43.000 0.000 0.000 8.050 0.000 0.000 1.000   -1.0
2.000 0.000 40.000 1.000 1.000 39.000 0.000 0.000 1.000   1.0
1.000 1.000 31.000 1.000 0.000 52.000 0.000 0.000 1.000   -1.0
2.000 1.000 70.000 0.000 0.000 10.500 0.000 0.000 1.000   -1.0
2.000 1.000 31.000 0.000 0.000 13.000 0.000 0.000 1.000   1.0
3.000 1.000 18.000 0.000 0.000 7.775 0.000 0.000 1.000   -1.0
3.000 1.000 24.500 0.000 0.000 8.050 0.000 0.000 1.000   -1.0
3.000 0.000 18.000 0.000 0.000 9.842 0.000 0.000 1.000   1.0
3.000 0.000 43.000 1.000 6.000 46.900 0.000 0.000 1.000   -1.0
1.000 1.000 36.000 0.000 1.000 512.329 1.000 0.000 0.000   1.0
1.000 1.000 27.000 0.000 0.000 76.729 1.000 0.000 0.000   1.0
3.000 1.000 20.000 0.000 0.000 9.225 0.000 0.000 1.000   -1.0
3.000 1.000 14.000 5.000 2.000 46.900 0.000 0.000 1.000   -1.0
2.000 1.000 60.000 1.000 1.000 39.000 0.000 0.000 1.000   -1.0
2.000 1.000 25.000 1.000 2.000 41.579 1.000 0.000 0.000   -1.0
3.000 1.000 14.000 4.000 1.000 39.688 0.000 0.000 1.000   -1.0
3.000 1.000 19.000 0.000 0.000 10.171 0.000 0.000 1.000   -1.0
3.000 1.000 18.000 0.000 0.000 7.796 0.000 0.000 1.000   -1.0
1.000 0.000 15.000 0.000 1.000 211.338 0.000 0.000 1.000   1.0
1.000 1.000 31.000 1.000 0.000 57.000 0.000 0.000 1.000   1.0
3.000 0.000 4.000 0.000 1.000 13.417 1.000 0.000 0.000   1.0
3.000 1.000 25.000 0.000 0.000 7.225 1.000 0.000 0.000   -1.0
1.000 1.000 60.000 0.000 0.000 26.550 0.000 0.000 1.000   -1.0
2.000 1.000 52.000 0.000 0.000 13.500 0.000 0.000 1.000   -1.0
3.000 1.000 44.000 0.000 0.000 8.050 0.000 0.000 1.000   -1.0
1.000 1.000 49.000 1.000 1.000 110.883 1.000 0.000 0.000   -1.0
3.000 1.000 42.000 0.000 0.000 7.650 0.000 0.000 1.000   -1.0
1.000 0.000 18.000 1.000 0.000 227.525 1.000 0.000 0.000   1.0
1.000 1.000 35.000 0.000 0.000 26.288 0.000 0.000 1.000   1.0
3.000 0.000 18.000 0.000 1.000 14.454 1.000 0.000 0.000   -1.0
3.000 1.000 25.000 0.000 0.000 7.742 0.000 1.000 0.000   -1.0
3.000 1.000 26.000 1.000 0.000 7.854 0.000 0.000 1.000   -1.0
2.000 1.000 39.000 0.000 0.000 26.000 0.000 0.000 1.000   -1.0
2.000 0.000 45.000 0.000 0.000 13.500 0.000 0.000 1.000   1.0
1.000 1.000 42.000 0.000 0.000 26.288 0.000 0.000 1.000   1.0
1.000 0.000 22.000 0.000 0.000 151.550 0.000 0.000 1.000   1.0
1.000 0.000 24.000 0.000 0.000 49.504 1.000 0.000 0.000   1.0
1.000 1.000 48.000 1.000 0.000 52.000 0.000 0.000 1.000   1.0
3.000 1.000 29.000 0.000 0.000 9.483 0.000 0.000 1.000   -1.0
2.000 1.000 52.000 0.000 0.000 13.000 0.000 0.000 1.000   -1.0
3.000 1.000 19.000 0.000 0.000 7.650 0.000 0.000 1.000   -1.0
1.000 0.000 38.000 0.000 0.000 227.525 1.000 0.000 0.000   1.0
2.000 0.000 27.000 0.000 0.000 10.500 0.000 0.000 1.000   1.0
3.000 1.000 33.000 0.000 0.000 7.775 0.000 0.000 1.000   -1.0
2.000 0.000 6.000 0.000 1.000 33.000 0.000 0.000 1.000   1.0
3.000 1.000 17.000 1.000 0.000 7.054 0.000 0.000 1.000   -1.0
2.000 1.000 34.000 0.000 0.000 13.000 0.000 0.000 1.000   -1.0
2.000 1.000 50.000 0.000 0.000 13.000 0.000 0.000 1.000   -1.0
1.000 1.000 27.000 1.000 0.000 53.100 0.000 0.000 1.000   1.0
3.000 1.000 20.000 0.000 0.000 8.662 0.000 0.000 1.000   -1.0
2.000 0.000 30.000 3.000 0.000 21.000 0.000 0.000 1.000   1.0
2.000 1.000 25.000 1.000 0.000 26.000 0.000 0.000 1.000   -1.0
3.000 0.000 25.000 1.000 0.000 7.925 0.000 0.000 1.000   -1.0
1.000 0.000 29.000 0.000 0.000 211.338 0.000 0.000 1.000   1.0
3.000 1.000 11.000 0.000 0.000 18.788 1.000 0.000 0.000   -1.0
2.000 1.000 23.000 0.000 0.000 13.000 0.000 0.000 1.000   -1.0
2.000 1.000 23.000 0.000 0.000 13.000 0.000 0.000 1.000   -1.0
3.000 1.000 28.500 0.000 0.000 16.100 0.000 0.000 1.000   -1.0
3.000 0.000 48.000 1.000 3.000 34.375 0.000 0.000 1.000   -1.0
1.000 1.000 35.000 0.000 0.000 512.329 1.000 0.000 0.000   1.0
1.000 1.000 36.000 1.000 0.000 78.850 0.000 0.000 1.000   -1.0
1.000 0.000 21.000 2.000 2.000 262.375 1.000 0.000 0.000   1.0
3.000 1.000 24.000 1.000 0.000 16.100 0.000 0.000 1.000   -1.0
3.000 1.000 31.000 0.000 0.000 7.925 0.000 0.000 1.000   1.0
1.000 1.000 70.000 1.000 1.000 71.000 0.000 0.000 1.000   -1.0
3.000 1.000 16.000 1.000 1.000 20.250 0.000 0.000 1.000   -1.0
2.000 0.000 30.000 0.000 0.000 13.000 0.000 0.000 1.000   1.0
1.000 1.000 19.000 1.000 0.000 53.100 0.000 0.000 1.000   -1.0
3.000 1.000 31.000 0.000 0.000 7.750 0.000 1.000 0.000   -1.0
2.000 0.000 4.000 1.000 1.000 23.000 0.000 0.000 1.000   1.0
3.000 1.000 6.000 0.000 1.000 12.475 0.000 0.000 1.000   1.0
3.000 1.000 33.000 0.000 0.000 9.500 0.000 0.000 1.000   -1.0
3.000 1.000 23.000 0.000 0.000 7.896 0.000 0.000 1.000   -1.0
2.000 0.000 48.000 1.000 2.000 65.000 0.000 0.000 1.000   1.0
2.000 1.000 0.670 1.000 1.000 14.500 0.000 0.000 1.000   1.0
3.000 1.000 28.000 0.000 0.000 7.796 0.000 0.000 1.000   -1.0
2.000 1.000 18.000 0.000 0.000 11.500 0.000 0.000 1.000   -1.0
3.000 1.000 34.000 0.000 0.000 8.050 0.000 0.000 1.000   -1.0
1.000 0.000 33.000 0.000 0.000 86.500 0.000 0.000 1.000   1.0
3.000 1.000 41.000 0.000 0.000 7.125 0.000 0.000 1.000   -1.0
3.000 1.000 20.000 0.000 0.000 7.229 1.000 0.000 0.000   1.0
1.000 0.000 36.000 1.000 2.000 120.000 0.000 0.000 1.000   1.0
3.000 1.000 16.000 0.000 0.000 7.775 0.000 0.000 1.000   -1.0
1.000 0.000 51.000 1.000 0.000 77.958 0.000 0.000 1.000   1.0
3.000 0.000 30.500 0.000 0.000 7.750 0.000 1.000 0.000   -1.0
3.000 1.000 32.000 0.000 0.000 8.363 0.000 0.000 1.000   -1.0
3.000 1.000 24.000 0.000 0.000 9.500 0.000 0.000 1.000   -1.0
3.000 1.000 48.000 0.000 0.000 7.854 0.000 0.000 1.000   -1.0
2.000 0.000 57.000 0.000 0.000 10.500 0.000 0.000 1.000   -1.0
2.000 0.000 54.000 1.000 3.000 23.000 0.000 0.000 1.000   1.0
3.000 1.000 18.000 0.000 0.000 7.750 0.000 0.000 1.000   -1.0
3.000 0.000 5.000 0.000 0.000 12.475 0.000 0.000 1.000   1.0
1.000 0.000 43.000 0.000 1.000 211.338 0.000 0.000 1.000   1.0
3.000 0.000 13.000 0.000 0.000 7.229 1.000 0.000 0.000   1.0
1.000 0.000 17.000 1.000 0.000 57.000 0.000 0.000 1.000   1.0
1.000 1.000 29.000 0.000 0.000 30.000 0.000 0.000 1.000   -1.0
3.000 1.000 25.000 0.000 0.000 7.050 0.000 0.000 1.000   -1.0
3.000 1.000 25.000 0.000 0.000 7.250 0.000 0.000 1.000   -1.0
3.000 0.000 18.000 0.000 0.000 7.496 0.000 0.000 1.000   1.0
3.000 1.000 8.000 4.000 1.000 29.125 0.000 1.000 0.000   -1.0
3.000 1.000 1.000 1.000 2.000 20.575 0.000 0.000 1.000   1.0
1.000 1.000 46.000 0.000 0.000 79.200 1.000 0.000 0.000   -1.0
2.000 1.000 16.000 0.000 0.000 26.000 0.000 0.000 1.000   -1.0
3.000 1.000 25.000 0.000 0.000 7.896 0.000 0.000 1.000   -1.0
2.000 1.000 39.000 0.000 0.000 13.000 0.000 0.000 1.000   -1.0
1.000 0.000 49.000 0.000 0.000 25.929 0.000 0.000 1.000   1.0
3.000 0.000 31.000 0.000 0.000 8.683 0.000 0.000 1.000   1.0
3.000 1.000 30.000 0.000 0.000 7.229 1.000 0.000 0.000   -1.0
3.000 0.000 30.000 1.000 1.000 24.150 0.000 0.000 1.000   -1.0
2.000 1.000 34.000 0.000 0.000 13.000 0.000 0.000 1.000   -1.0
2.000 0.000 31.000 1.000 1.000 26.250 0.000 0.000 1.000   1.0
1.000 1.000 11.000 1.000 2.000 120.000 0.000 0.000 1.000   1.0
3.000 1.000 0.420 0.000 1.000 8.517 1.000 0.000 0.000   1.0
3.000 1.000 27.000 0.000 0.000 6.975 0.000 0.000 1.000   1.0
3.000 1.000 31.000 0.000 0.000 7.775 0.000 0.000 1.000   -1.0
1.000 1.000 39.000 0.000 0.000 0.000 0.000 0.000 1.000   -1.0
3.000 0.000 18.000 0.000 0.000 7.775 0.000 0.000 1.000   -1.0
2.000 1.000 39.000 0.000 0.000 13.000 0.000 0.000 1.000   -1.0
1.000 0.000 33.000 1.000 0.000 53.100 0.000 0.000 1.000   1.0
3.000 1.000 26.000 0.000 0.000 7.888 0.000 0.000 1.000   -1.0
3.000 1.000 39.000 0.000 0.000 24.150 0.000 0.000 1.000   -1.0
2.000 1.000 35.000 0.000 0.000 10.500 0.000 0.000 1.000   -1.0
3.000 0.000 6.000 4.000 2.000 31.275 0.000 0.000 1.000   -1.0
3.000 1.000 30.500 0.000 0.000 8.050 0.000 0.000 1.000   -1.0
3.000 0.000 23.000 0.000 0.000 7.925 0.000 0.000 1.000   -1.0
2.000 1.000 31.000 1.000 1.000 37.004 1.000 0.000 0.000   -1.0
3.000 1.000 43.000 0.000 0.000 6.450 0.000 0.000 1.000   -1.0
3.000 1.000 10.000 3.000 2.000 27.900 0.000 0.000 1.000   -1.0
1.000 0.000 52.000 1.000 1.000 93.500 0.000 0.000 1.000   1.0
3.000 1.000 27.000 0.000 0.000 8.662 0.000 0.000 1.000   1.0
1.000 1.000 38.000 0.000 0.000 0.000 0.000 0.000 1.000   -1.0
3.000 0.000 27.000 0.000 1.000 12.475 0.000 0.000 1.000   1.0
3.000 1.000 2.000 4.000 1.000 39.688 0.000 0.000 1.000   -1.0
2.000 1.000 1.000 0.000 2.000 37.004 1.000 0.000 0.000   1.0
1.000 0.000 62.000 0.000 0.000 80.000 0.000 0.000 0.000   1.0
3.000 0.000 15.000 1.000 0.000 14.454 1.000 0.000 0.000   1.0
2.000 1.000 0.830 1.000 1.000 18.750 0.000 0.000 1.000   1.0
3.000 1.000 23.000 0.000 0.000 7.854 0.000 0.000 1.000   -1.0
3.000 1.000 18.000 0.000 0.000 8.300 0.000 0.000 1.000   -1.0
1.000 0.000 39.000 1.000 1.000 83.158 1.000 0.000 0.000   1.0
3.000 1.000 21.000 0.000 0.000 8.662 0.000 0.000 1.000   -1.0
3.000 1.000 32.000 0.000 0.000 56.496 0.000 0.000 1.000   1.0
3.000 1.000 20.000 0.000 0.000 7.925 0.000 0.000 1.000   -1.0
2.000 1.000 16.000 0.000 0.000 10.500 0.000 0.000 1.000   -1.0
1.000 0.000 30.000 0.000 0.000 31.000 1.000 0.000 0.000   1.0
3.000 1.000 34.500 0.000 0.000 6.438 1.000 0.000 0.000   -1.0
3.000 1.000 17.000 0.000 0.000 8.662 0.000 0.000 1.000   -1.0
3.000 1.000 42.000 0.000 0.000 7.550 0.000 0.000 1.000   -1.0
3.000 1.000 35.000 0.000 0.000 7.896 1.000 0.000 0.000   -1.0
2.000 1.000 28.000 0.000 1.000 33.000 0.000 0.000 1.000   -1.0
3.000 1.000 4.000 4.000 2.000 31.275 0.000 0.000 1.000   -1.0
3.000 1.000 74.000 0.000 0.000 7.775 0.000 0.000 1.000   -1.0
3.000 0.000 9.000 1.000 1.000 15.246 1.000 0.000 0.000   -1.0
1.000 0.000 16.000 0.000 1.000 39.400 0.000 0.000 1.000   1.0
2.000 0.000 44.000 1.000 0.000 26.000 0.000 0.000 1.000   -1.0
3.000 0.000 18.000 0.000 1.000 9.350 0.000 0.000 1.000   1.0
1.000 0.000 45.000 1.000 1.000 164.867 0.000 0.000 1.000   1.0
1.000 1.000 51.000 0.000 0.000 26.550 0.000 0.000 1.000   1.0
3.000 0.000 24.000 0.000 3.000 19.258 1.000 0.000 0.000   1.0
3.000 1.000 41.000 2.000 0.000 14.108 0.000 0.000 1.000   -1.0
2.000 1.000 21.000 1.000 0.000 11.500 0.000 0.000 1.000   -1.0
1.000 0.000 48.000 0.000 0.000 25.929 0.000 0.000 1.000   1.0
2.000 1.000 24.000 0.000 0.000 13.000 0.000 0.000 1.000   -1.0
2.000 0.000 42.000 0.000 0.000 13.000 0.000 0.000 1.000   1.0
2.000 0.000 27.000 1.000 0.000 13.858 1.000 0.000 0.000   1.0
1.000 1.000 31.000 0.000 0.000 50.496 0.000 0.000 1.000   -1.0
3.000 1.000 4.000 1.000 1.000 11.133 0.000 0.000 1.000   1.0
3.000 1.000 26.000 0.000 0.000 7.896 0.000 0.000 1.000   -1.0
1.000 0.000 47.000 1.000 1.000 52.554 0.000 0.000 1.000   1.0
1.000 1.000 33.000 0.000 0.000 5.000 0.000 0.000 1.000   -1.0
3.000 1.000 47.000 0.000 0.000 9.000 0.000 0.000 1.000   -1.0
2.000 0.000 28.000 1.000 0.000 24.000 1.000 0.000 0.000   1.0
3.000 0.000 15.000 0.000 0.000 7.225 1.000 0.000 0.000   1.0
3.000 1.000 20.000 0.000 0.000 9.846 0.000 0.000 1.000   -1.0
3.000 1.000 19.000 0.000 0.000 7.896 0.000 0.000 1.000   -1.0
1.000 0.000 56.000 0.000 1.000 83.158 1.000 0.000 0.000   1.0
2.000 0.000 25.000 0.000 1.000 26.000 0.000 0.000 1.000   1.0
3.000 1.000 33.000 0.000 0.000 7.896 0.000 0.000 1.000   -1.0
3.000 0.000 22.000 0.000 0.000 10.517 0.000 0.000 1.000   -1.0
2.000 1.000 28.000 0.000 0.000 10.500 0.000 0.000 1.000   -1.0
3.000 1.000 25.000 0.000 0.000 7.050 0.000 0.000 1.000   -1.0
3.000 0.000 39.000 0.000 5.000 29.125 0.000 1.000 0.000   -1.0
2.000 1.000 27.000 0.000 0.000 13.000 0.000 0.000 1.000   -1.0
1.000 0.000 19.000 0.000 0.000 30.000 0.000 0.000 1.000   1.0
1.000 1.000 26.000 0.000 0.000 30.000 1.000 0.000 0.000   1.0
3.000 1.000 32.000 0.000 0.000 7.750 0.000 1.000 0.000   -1.0
