0.004 0.138 0.691 0.152   -1.0
0.100 0.581 0.855 0.062   -1.0
0.081 0.320 0.863 0.595   -1.0
0.256 0.152 0.695 0.040   -1.0
0.393 0.651 0.709 0.610   1.0
0.926 0.143 0.881 0.680   1.0
0.954 0.855 0.977 0.783   1.0
0.552 0.667 0.077 0.698   -1.0
0.579 0.624 0.877 0.611   1.0
0.889 0.185 0.659 0.901   1.0
0.917 0.311 0.132 0.955   1.0
0.923 0.528 0.875 0.420   1.0
0.233 0.171 0.820 0.136   -1.0
0.109 0.749 0.552 0.927   1.0
0.339 0.388 0.999 0.632   1.0
0.934 0.670 0.040 0.527   1.0
0.352 0.175 0.616 0.459   -1.0
0.181 0.388 0.198 0.740   -1.0
0.934 0.034 0.487 0.371   -1.0
0.071 0.799 0.925 0.272   1.0
0.906 0.600 0.862 0.597   1.0
0.394 0.155 0.866 0.536   -1.0
0.573 0.180 0.200 0.554   -1.0
0.179 0.688 0.121 0.061   -1.0
0.675 0.802 0.440 0.861   1.0
0.713 0.191 0.157 0.830   -1.0
0.756 0.988 0.161 0.046   -1.0
0.108 0.876 0.816 0.850   1.0
0.252 0.596 0.950 0.113   1.0*
0.208 0.073 0.151 0.021   -1.0
0.735 0.326 0.495 0.883   1.0
0.049 0.822 0.602 0.384   -1.0
0.964 0.687 0.871 0.560   1.0
0.803 0.719 0.170 0.794   -1.0*
0.970 0.111 0.243 0.855   1.0
0.363 0.468 0.852 0.914   1.0
0.772 0.104 0.293 0.204   -1.0
0.319 0.204 0.283 0.060   -1.0
0.206 0.859 0.189 0.430   -1.0
0.878 0.656 0.715 0.879   1.0
0.711 0.059 0.830 0.119   -1.0
0.872 0.964 0.929 0.648   1.0
0.824 0.752 0.219 0.279   1.0
0.508 0.346 0.137 0.024   -1.0
0.295 0.994 0.395 0.293   -1.0
0.693 0.486 0.384 0.786   -1.0*
0.624 0.209 0.095 0.814   -1.0
0.894 0.455 0.091 0.552   -1.0
0.122 0.068 0.415 0.192   -1.0
0.529 0.576 0.730 0.634   1.0
0.286 0.422 0.209 0.121   -1.0
0.507 0.597 0.670 0.526   1.0
0.282 0.780 0.383 0.234   -1.0
0.194 0.649 0.502 0.909   1.0
0.037 0.822 0.130 0.223   -1.0
0.337 0.896 0.255 0.781   1.0
0.104 0.432 0.075 0.953   -1.0
0.469 0.498 0.109 0.485   -1.0
0.610 0.711 0.210 0.441   -1.0
0.786 0.317 0.664 0.084   -1.0
0.197 0.411 0.370 0.046   -1.0
0.144 0.964 0.013 0.921   1.0
0.034 0.539 0.877 0.235   -1.0
0.435 0.662 0.610 0.956   1.0
0.368 0.281 0.718 0.684   -1.0*
0.703 0.155 0.297 0.680   -1.0
0.245 0.709 0.648 0.496   1.0
0.159 0.061 0.566 0.476   -1.0
0.456 0.594 0.689 0.732   -1.0*
0.481 0.135 0.278 0.349   -1.0
0.230 0.451 0.880 0.707   1.0
0.189 0.647 0.032 0.021   -1.0
0.035 0.176 0.621 0.630   -1.0
0.567 0.974 0.642 0.432   1.0
0.131 0.761 0.209 0.600   -1.0
0.336 0.757 0.586 0.562   1.0
0.936 0.926 0.166 0.854   1.0
0.042 0.932 0.360 0.279   -1.0
0.836 0.406 0.484 0.044   -1.0
0.870 0.088 0.131 0.071   -1.0
0.169 0.893 0.346 0.474   -1.0
0.539 0.647 0.517 0.329   1.0
0.487 0.823 0.061 0.423   -1.0
0.534 0.905 0.931 0.407   1.0
0.289 0.346 0.438 0.594   -1.0
0.150 0.252 0.167 0.906   -1.0
0.959 0.964 0.588 0.704   1.0
0.796 0.972 0.091 0.224   1.0
0.563 0.700 0.079 0.408   -1.0
0.803 0.211 0.372 0.633   1.0
0.654 0.448 0.374 0.934   1.0
0.289 0.641 0.327 0.733   -1.0
0.263 0.999 0.401 0.096   -1.0
0.889 0.538 0.442 0.954   1.0
0.564 0.548 0.918 0.468   1.0
0.316 0.603 0.959 0.149   1.0
0.346 0.206 0.225 0.569   -1.0
0.330 0.335 0.075 0.636   -1.0
0.979 0.641 0.514 0.200   1.0
0.456 0.675 0.400 0.049   -1.0
0.973 0.304 0.905 0.172   1.0
0.645 0.170 0.684 0.867   1.0
0.974 0.595 0.407 0.102   1.0
0.613 0.902 0.498 0.359   1.0
0.984 0.204 0.533 0.371   1.0
0.046 0.516 0.947 0.046   -1.0
0.564 0.262 0.809 0.068   -1.0
0.380 0.761 0.447 0.642   1.0
0.499 0.489 0.957 0.910   1.0
0.069 0.502 0.852 0.504   1.0*
0.567 0.900 0.749 0.916   1.0
0.800 0.962 0.435 0.812   1.0
0.881 0.358 0.742 0.088   1.0
0.865 0.969 0.171 0.034   1.0
0.000 0.551 0.558 0.754   -1.0
0.686 0.776 0.769 0.845   1.0
0.737 0.051 0.092 0.676   -1.0
0.339 0.011 0.101 0.155   -1.0
0.626 0.796 0.385 0.636   1.0
0.482 0.693 0.128 0.000   -1.0
0.764 0.882 0.591 0.191   1.0
0.266 0.992 0.847 0.190   1.0
0.852 0.101 0.423 0.654   1.0
0.616 0.309 0.652 0.326   -1.0
0.370 0.074 0.369 0.437   -1.0
0.187 0.523 0.962 0.988   1.0
0.397 0.534 0.697 0.719   1.0
0.117 0.255 0.407 0.570   -1.0
0.847 0.971 0.676 0.319   1.0
0.395 0.937 0.947 0.424   1.0
0.240 0.599 0.716 0.934   1.0
0.338 0.011 0.754 0.512   -1.0
0.116 0.772 0.844 0.261   -1.0
0.152 0.076 0.018 0.819   -1.0
0.136 0.395 0.455 0.288   -1.0
0.643 0.741 0.925 0.574   1.0
0.108 0.241 0.255 0.614   -1.0
0.003 0.233 0.786 0.441   -1.0
0.592 0.481 0.535 0.693   1.0
0.085 0.308 0.184 0.768   -1.0
0.154 0.623 0.660 0.360   -1.0
0.830 0.584 0.092 0.055   -1.0
0.776 0.590 0.908 0.829   1.0
0.447 0.825 0.878 0.641   1.0
0.921 0.575 0.311 0.607   1.0
0.558 0.618 0.688 0.296   1.0
0.415 0.791 0.658 0.450   1.0
0.635 0.362 0.993 0.477   1.0
0.841 0.721 0.116 0.165   -1.0
0.529 0.968 0.770 0.683   1.0
0.311 0.249 0.169 0.208   -1.0
0.167 0.274 0.016 0.908   -1.0
0.516 0.715 0.764 0.935   1.0
0.397 0.591 0.658 0.485   1.0
0.691 0.128 0.937 0.191   -1.0
0.687 0.013 0.084 0.350   -1.0
0.858 0.598 0.707 0.641   1.0
0.692 0.178 0.584 0.879   1.0
0.997 0.868 0.920 0.875   1.0
0.585 0.622 0.982 0.772   1.0
0.569 0.663 0.578 0.055   -1.0
0.694 0.803 0.710 0.322   1.0
0.618 0.334 0.590 0.776   1.0
0.983 0.700 0.081 0.998   -1.0*
0.855 0.949 0.502 0.129   1.0
0.062 0.286 0.853 0.054   -1.0
0.532 0.293 0.899 0.332   1.0
0.506 0.274 0.193 0.657   -1.0
0.435 0.874 0.785 0.268   1.0
0.249 0.664 0.423 0.808   -1.0*
0.171 0.952 0.422 0.253   -1.0
0.285 0.343 0.259 0.353   -1.0
0.564 0.765 0.058 0.174   -1.0
0.555 0.789 0.925 0.437   1.0
0.068 0.078 0.151 0.228   -1.0
0.326 0.329 0.124 0.781   -1.0
0.512 0.064 0.147 0.418   -1.0
0.792 0.072 0.315 0.654   -1.0
0.823 0.640 0.612 0.294   1.0
0.318 0.551 0.537 0.135   -1.0
0.960 0.467 0.923 0.551   1.0
0.091 0.095 0.055 0.188   -1.0
0.682 0.998 0.338 0.935   1.0
0.784 0.680 0.151 0.708   1.0
0.375 0.862 0.872 0.819   1.0
0.667 0.535 0.543 0.239   -1.0
0.469 0.893 0.003 0.195   -1.0
0.310 0.203 0.212 0.021   -1.0
0.176 0.768 0.131 0.825   1.0*
0.661 0.974 0.612 0.373   1.0
0.139 0.268 0.359 0.337   -1.0
0.231 0.528 0.045 0.189   -1.0
0.891 0.198 0.348 0.021   -1.0
0.125 0.376 0.080 0.307   -1.0
0.507 0.075 0.822 0.501   -1.0
0.799 0.652 0.746 0.615   1.0
0.774 0.741 0.791 0.246   1.0
0.338 0.624 0.800 0.842   1.0
0.684 0.460 0.017 0.806   -1.0
0.259 0.692 0.347 0.189   -1.0
0.886 0.427 0.496 0.547   1.0
0.165 0.220 0.279 0.154   -1.0
0.566 0.391 0.947 0.216   1.0
0.491 0.019 0.511 0.802   -1.0
0.686 0.489 0.668 0.440   1.0
0.484 0.686 0.781 0.345   1.0
0.459 0.682 0.064 0.677   -1.0
0.196 0.842 0.647 0.862   1.0
0.948 0.561 0.525 0.516   1.0
0.773 0.618 0.264 0.566   1.0
0.002 0.489 0.435 0.357   -1.0
0.588 0.189 0.826 0.860   1.0
0.805 0.941 0.821 0.890   1.0
0.428 0.698 0.831 0.467   1.0
0.241 0.620 0.917 0.926   1.0
0.253 0.587 0.076 0.584   -1.0
0.827 0.670 0.230 0.264   -1.0
0.218 0.855 0.865 0.563   1.0
0.204 0.173 0.374 0.249   -1.0
0.525 0.094 0.087 0.875   -1.0
0.456 0.152 0.553 0.465   -1.0
0.581 0.095 0.128 0.393   -1.0
0.666 0.008 0.051 0.137   -1.0
0.286 0.877 0.074 0.901   1.0
0.383 0.535 0.612 0.680   1.0
0.701 0.899 0.693 0.751   -1.0*
0.409 0.040 0.767 0.992   1.0
0.747 0.118 0.761 0.025   1.0*
0.583 0.222 0.027 0.558   -1.0
0.020 0.537 0.897 0.026   -1.0
0.392 0.144 0.342 0.212   -1.0
0.193 0.852 0.989 0.714   1.0
0.669 0.217 0.782 0.312   -1.0
0.980 0.111 0.595 0.141   -1.0
0.553 0.398 0.619 0.680   1.0
0.788 0.209 0.012 0.053   -1.0
0.358 0.981 0.694 0.495   1.0
0.252 0.056 0.279 0.357   -1.0
0.809 0.294 0.037 0.034   -1.0
0.685 0.379 0.212 0.850   1.0
0.267 0.766 0.561 0.194   -1.0
0.613 0.499 0.789 0.455   1.0
0.518 0.282 0.863 0.744   1.0
0.118 0.497 0.344 0.131   -1.0
0.819 0.326 0.755 0.951   1.0
0.843 0.782 0.479 0.721   1.0
0.059 0.545 0.266 0.522   -1.0
0.307 0.377 0.480 0.780   -1.0
0.316 0.956 0.928 0.932   1.0
0.103 0.184 0.448 0.129   -1.0
0.165 0.045 0.388 0.621   -1.0
0.241 0.405 0.743 0.374   1.0*
0.102 0.386 0.206 0.085   -1.0
0.740 0.944 0.746 0.713   1.0
0.653 0.446 0.323 0.648   1.0
0.757 0.071 0.784 0.927   1.0
0.167 0.002 0.888 0.470   -1.0
0.937 0.525 0.141 0.835   1.0
0.988 0.811 0.326 0.132   1.0
0.287 0.491 0.260 0.217   -1.0
0.804 0.241 0.588 0.718   1.0
0.945 0.302 0.455 0.398   1.0
1.000 0.564 0.976 0.896   1.0
0.520 0.353 0.556 0.813   1.0
0.300 0.604 0.896 0.850   1.0
0.256 0.293 0.402 0.365   -1.0
0.224 0.381 0.495 0.781   -1.0
0.428 0.606 0.395 0.792   1.0
0.708 0.336 0.813 0.617   1.0
0.961 0.918 0.685 0.064   1.0
0.943 0.875 0.600 0.269   1.0
0.446 0.850 0.579 0.507   1.0
0.613 0.571 0.895 0.720   1.0
0.126 0.879 0.712 0.498   1.0
0.778 0.916 0.165 0.863   1.0
0.767 0.378 0.074 0.992   1.0
0.651 0.629 0.965 0.085   1.0
0.665 0.656 0.236 0.324   -1.0
0.011 0.133 0.656 0.486   -1.0
1.000 0.022 0.019 0.060   -1.0
0.299 0.709 0.000 0.471   -1.0
0.796 0.747 0.343 0.688   1.0
0.828 0.915 0.361 0.015   1.0
0.872 0.260 0.049 0.567   -1.0
0.627 0.513 0.065 0.771   -1.0
0.391 0.234 0.144 0.996   -1.0
0.810 0.658 0.932 0.982   1.0
0.528 0.245 0.878 0.766   1.0
0.399 0.360 0.372 0.344   -1.0
0.837 0.453 0.419 0.362   1.0
0.347 0.753 0.837 0.783   1.0
0.572 0.870 0.475 0.441   1.0
0.510 0.780 0.223 0.605   1.0
0.178 0.293 0.667 0.192   -1.0
0.896 0.171 0.277 0.987   1.0
0.070 0.820 0.624 0.269   -1.0
0.770 0.423 0.099 0.772   1.0
0.181 0.923 0.766 0.110   -1.0
0.490 0.496 0.927 0.965   1.0
0.348 0.970 0.297 0.229   -1.0
0.324 0.114 0.377 0.077   -1.0
0.632 0.200 0.860 0.109   -1.0
0.849 0.543 0.134 0.739   1.0
0.305 0.874 0.135 0.278   -1.0
0.894 0.417 0.821 0.647   1.0
0.395 0.035 0.892 0.105   -1.0
0.935 0.787 0.701 0.190   1.0
0.645 0.645 0.630 0.505   1.0
0.825 0.653 0.760 0.958   1.0
0.655 0.296 0.179 0.416   -1.0
0.761 0.851 0.081 0.830   1.0
0.999 0.624 0.185 0.303   1.0
0.612 0.868 0.057 0.760   -1.0*
0.192 0.143 0.721 0.309   -1.0
0.141 0.300 0.541 0.523   -1.0
0.210 0.440 0.711 0.714   1.0
0.322 0.750 0.691 0.952   1.0
0.031 0.929 0.111 0.386   -1.0
0.560 0.891 0.912 0.249   1.0
0.060 0.651 0.189 0.359   -1.0
0.301 0.209 0.528 0.668   -1.0
0.197 0.831 0.215 0.933   1.0
0.217 0.200 0.278 0.091   -1.0
0.384 0.298 0.210 0.448   -1.0
0.111 0.062 0.456 0.216   -1.0
0.175 0.550 0.240 0.228   -1.0
0.633 0.365 0.384 0.669   1.0
0.702 0.432 0.060 0.527   -1.0
0.395 0.635 0.801 0.780   1.0
0.098 0.558 0.963 0.305   -1.0
0.607 0.058 0.128 0.023   -1.0
0.648 0.163 0.372 0.717   -1.0
0.025 0.349 0.726 0.944   -1.0*
0.531 0.068 0.921 0.238   -1.0
0.067 0.989 0.552 0.002   -1.0
0.114 0.239 0.970 0.574   -1.0
0.451 0.762 0.751 0.798   1.0
0.501 0.027 0.232 0.971   -1.0
0.782 0.441 0.585 0.786   1.0
0.757 0.142 0.921 0.228   1.0
0.190 0.005 0.905 0.818   -1.0
0.049 0.121 0.805 0.815   -1.0
0.814 0.358 0.359 0.911   1.0
0.339 0.513 0.897 0.069   -1.0
0.794 0.530 0.567 0.943   -1.0*
0.251 0.077 0.050 0.948   -1.0
0.809 0.448 0.856 0.226   1.0
0.460 0.654 0.728 0.579   1.0
0.433 0.763 0.178 0.777   1.0
0.549 0.715 0.195 0.487   1.0*
0.193 0.690 0.778 0.783   1.0
0.477 0.816 0.558 0.804   1.0
0.491 0.193 0.061 0.636   -1.0
0.417 0.501 0.630 0.090   -1.0
0.978 0.487 0.135 0.439   1.0
0.395 0.924 0.625 0.768   1.0
0.571 0.539 0.441 0.501   1.0
0.674 0.347 0.036 0.761   -1.0
0.019 0.871 0.083 0.907   -1.0
0.459 0.727 0.183 0.354   -1.0
0.729 0.487 0.670 0.415   1.0
0.037 0.051 0.757 0.564   -1.0
0.011 0.131 0.787 0.069   -1.0
0.314 0.155 0.277 0.691   -1.0
0.201 0.067 0.930 0.832   1.0
0.089 0.849 0.378 0.187   -1.0
0.296 0.897 0.344 0.150   1.0*
0.434 0.606 0.161 0.156   -1.0
0.506 0.596 0.599 0.099   -1.0
0.082 0.968 0.736 0.100   -1.0
0.570 0.062 0.308 0.046   -1.0
0.778 0.970 0.728 0.120   1.0
0.876 0.233 0.631 0.127   -1.0
0.050 0.184 0.380 0.569   -1.0
0.274 0.787 0.501 0.885   1.0
0.318 0.619 0.602 0.191   -1.0
0.372 0.982 0.092 0.248   -1.0
0.613 0.409 0.966 0.767   1.0
0.221 0.485 0.126 0.360   -1.0
0.680 0.701 0.757 0.238   1.0
0.848 0.414 0.664 0.382   1.0
0.423 0.035 0.647 0.099   -1.0
0.421 0.429 0.710 0.415   -1.0
0.797 0.197 0.940 0.695   1.0
0.889 0.206 0.236 0.951   1.0
0.712 0.570 0.113 0.408   -1.0
0.324 0.084 0.370 0.171   -1.0
0.390 0.352 0.284 0.369   -1.0
0.048 0.892 0.106 0.167   -1.0
0.758 0.471 0.457 0.808   1.0
0.622 0.710 0.343 0.599   -1.0*
0.781 0.151 0.351 0.133   -1.0
0.465 0.140 0.555 0.957   1.0
0.118 0.749 0.704 0.487   1.0
0.138 0.557 0.463 0.102   -1.0
0.521 0.344 0.221 0.862   1.0*
0.240 0.178 0.168 0.219   -1.0
0.023 0.406 0.079 0.692   -1.0
0.582 0.416 0.990 0.428   1.0
0.612 0.667 0.932 0.816   1.0
0.336 0.309 0.167 0.885   -1.0
0.378 0.128 0.281 0.695   1.0*
0.364 0.127 0.684 0.421   -1.0
0.714 0.680 0.244 0.343   -1.0
0.363 0.982 0.506 0.637   1.0
0.475 0.189 0.313 0.138   -1.0
0.364 0.196 0.353 0.892   -1.0
0.887 0.277 0.298 0.219   -1.0
0.141 0.819 0.297 0.634   -1.0
0.389 0.341 0.016 0.777   -1.0
0.523 0.430 0.348 0.575   -1.0
0.644 0.580 0.666 0.664   1.0
0.671 0.867 0.087 0.342   -1.0
0.257 0.645 0.265 0.158   -1.0
0.394 0.170 0.103 0.387   -1.0
0.352 0.981 0.467 0.655   1.0
0.375 0.848 0.175 0.273   -1.0
0.055 0.311 0.543 0.307   -1.0
0.479 0.491 0.597 0.987   1.0
0.113 0.730 0.325 0.245   -1.0
0.917 0.325 0.268 0.291   -1.0
0.688 0.185 0.813 0.065   -1.0
0.438 0.048 0.088 0.899   -1.0
0.570 0.525 0.909 0.665   1.0
0.956 0.280 0.256 0.604   1.0
0.444 0.935 0.744 0.565   1.0
0.651 0.875 0.946 0.754   -1.0*
0.897 0.779 0.858 0.103   1.0
0.552 0.281 0.030 0.765   -1.0
0.967 0.311 0.229 0.661   1.0
0.663 0.541 0.564 0.942   -1.0*
0.822 0.083 0.979 0.957   1.0
0.849 0.109 0.560 0.016   -1.0
0.335 0.910 0.250 0.961   1.0
0.080 0.551 0.276 0.221   -1.0
0.172 0.669 0.523 0.680   1.0
0.240 0.166 0.909 0.468   -1.0
0.845 0.182 0.873 0.639   1.0
0.475 0.595 0.614 0.956   1.0
0.450 0.094 0.660 0.443   -1.0
0.726 0.480 0.794 0.033   1.0
0.255 0.147 0.085 0.744   -1.0
0.836 0.614 0.800 0.982   1.0
0.868 0.439 0.950 0.566   1.0
0.754 0.849 0.212 0.749   1.0
0.716 0.049 0.131 0.471   -1.0
0.390 0.526 0.006 0.854   1.0*
0.957 0.612 0.976 0.039   1.0
0.719 0.607 0.361 0.612   1.0
0.995 0.067 0.408 0.353   -1.0
0.014 0.620 0.951 0.748   1.0
0.935 0.341 0.019 0.970   1.0
0.137 0.827 0.891 0.407   1.0
0.818 0.183 0.745 0.774   1.0
0.929 0.636 0.021 0.645   1.0
0.046 0.510 0.435 0.756   -1.0
0.281 0.175 0.326 0.654   -1.0
0.267 0.282 0.378 0.460   -1.0
0.274 0.222 0.094 0.279   -1.0
0.613 0.821 0.580 0.150   1.0
0.198 0.708 0.614 0.027   -1.0
0.203 0.951 0.784 0.719   1.0
0.037 0.235 0.455 0.448   -1.0
0.122 0.811 0.496 0.684   1.0
0.851 0.374 0.627 0.196   1.0
0.071 0.025 0.760 0.687   -1.0
0.813 0.418 0.241 0.461   -1.0
0.783 0.835 0.374 0.438   1.0
0.817 0.713 0.932 0.527   1.0
0.083 0.218 0.361 0.929   -1.0
0.154 0.084 0.884 0.073   -1.0
0.816 0.382 0.364 0.366   -1.0
0.330 0.762 0.236 0.565   -1.0
0.798 0.815 0.102 0.148   -1.0
0.077 0.639 0.889 0.782   1.0
0.171 0.315 0.021 0.640   -1.0
0.399 0.015 0.131 0.642   -1.0
0.686 0.622 0.892 0.168   1.0
0.644 0.059 0.283 0.336   -1.0
0.619 0.706 0.848 0.629   1.0
0.649 0.387 0.982 0.565   1.0
0.681 0.104 0.108 0.910   -1.0
0.095 0.131 0.417 0.906   -1.0
0.634 0.575 0.935 0.131   1.0
0.485 0.747 0.095 0.043   -1.0
0.545 0.872 0.259 0.380   1.0
0.152 0.527 0.996 0.037   -1.0
0.377 0.655 0.694 0.581   1.0
0.767 0.522 0.315 0.035   -1.0
0.539 0.298 0.308 0.773   -1.0
0.005 0.422 0.270 0.814   -1.0
0.063 0.684 0.725 0.981   1.0
0.652 0.522 0.240 0.278   -1.0
0.102 0.570 0.179 0.272   -1.0
0.095 0.414 0.865 0.307   -1.0
0.554 0.304 0.131 0.939   -1.0
0.477 0.830 0.781 0.167   1.0
0.131 0.624 0.698 0.654   1.0
0.654 0.513 0.225 0.486   -1.0
0.132 0.777 0.497 0.683   1.0
0.247 0.201 0.884 0.741   1.0
0.313 0.564 0.985 0.354   1.0
0.591 0.067 0.134 0.976   -1.0
0.733 0.873 0.108 0.492   1.0
0.846 0.890 0.238 0.848   1.0
0.807 0.289 0.339 0.065   -1.0
0.058 0.979 0.193 0.381   -1.0
0.243 0.257 0.334 0.380   -1.0
0.452 0.198 0.811 0.173   -1.0
0.348 0.377 0.211 0.303   -1.0
0.520 0.331 0.122 0.345   -1.0
0.734 0.996 0.649 0.014   1.0
0.127 0.806 0.821 0.947   1.0
0.929 0.038 0.021 0.758   -1.0
0.470 0.168 0.254 0.140   -1.0
0.517 0.106 0.476 0.432   -1.0
0.814 0.207 0.282 0.532   -1.0
0.018 0.173 0.781 0.006   -1.0
0.386 0.606 0.718 0.041   -1.0
0.612 0.312 0.069 0.678   -1.0
0.730 0.347 0.980 0.184   1.0
0.388 0.702 0.030 0.892   1.0
0.176 0.761 0.050 0.749   -1.0
0.423 0.417 0.977 0.191   1.0
0.259 0.003 0.550 0.789   -1.0
0.164 0.654 0.109 0.531   -1.0
0.970 0.252 0.898 0.017   1.0
0.113 0.285 0.985 0.334   -1.0
0.678 0.991 0.811 0.536   1.0
0.667 0.406 0.743 0.194   1.0
0.926 0.907 0.006 0.675   1.0
0.598 0.563 0.478 0.593   1.0
0.549 0.634 0.517 0.393   1.0
0.935 0.292 0.396 0.848   1.0
0.950 0.900 0.791 0.142   1.0
0.293 0.390 0.027 0.395   -1.0
0.024 0.724 0.765 0.834   1.0
0.483 0.004 0.131 0.435   -1.0
0.559 0.427 0.040 0.037   -1.0
0.200 0.846 0.850 0.604   1.0
0.238 0.743 0.604 0.917   1.0
0.176 0.034 0.391 0.791   -1.0
0.505 0.299 0.736 0.948   1.0
0.250 0.696 0.379 0.247   -1.0
0.943 0.975 0.902 0.133   1.0
0.240 0.886 0.825 0.302   1.0
0.390 0.271 0.505 0.437   -1.0
0.504 0.591 0.812 0.256   1.0
0.916 0.033 0.666 0.896   1.0
0.472 0.737 0.572 0.109   -1.0
0.968 0.762 0.248 0.806   1.0
0.433 0.874 0.425 0.360   -1.0*
0.937 0.715 0.699 0.961   1.0
0.162 0.625 0.022 0.885   -1.0
0.205 0.852 0.501 0.183   -1.0
0.780 0.334 0.969 0.629   1.0
0.577 0.112 0.176 0.844   -1.0
0.522 0.892 0.929 0.611   1.0
0.414 0.659 0.982 0.551   1.0
0.984 0.040 0.946 0.144   1.0
0.339 0.111 0.508 0.517   -1.0
0.151 0.672 0.483 0.551   -1.0
0.197 0.377 0.829 0.283   -1.0
0.511 0.673 0.852 0.198   1.0
0.821 0.458 0.040 0.479   -1.0
0.327 0.636 0.638 0.372   -1.0
0.329 0.289 0.571 0.791   -1.0
0.698 0.171 0.963 0.505   1.0
0.977 0.545 0.663 0.653   1.0
0.402 0.158 0.193 0.961   -1.0
0.165 0.335 0.253 0.849   -1.0
0.795 0.050 0.662 0.209   -1.0
0.765 0.678 0.323 0.642   1.0
0.017 0.092 0.563 0.574   -1.0
0.076 0.050 0.308 0.355   -1.0
0.420 0.740 0.355 0.347   -1.0
0.853 0.634 0.156 0.217   -1.0
0.412 0.668 0.942 0.552   1.0
0.964 0.635 0.038 0.849   1.0
0.713 0.377 0.219 0.118   -1.0
0.267 0.006 0.631 0.151   -1.0
0.030 0.094 0.471 0.070   -1.0
0.165 0.075 0.716 0.762   -1.0
0.488 0.156 0.627 0.029   -1.0
0.660 0.848 0.773 0.774   1.0
0.755 0.467 0.468 0.633   1.0
0.669 0.072 0.784 0.109   -1.0
0.833 0.643 0.253 0.170   -1.0
0.070 0.541 0.647 0.499   -1.0
0.476 0.541 0.837 0.046   -1.0
0.719 0.188 0.310 0.088   -1.0
0.499 0.601 0.302 0.284   -1.0
0.258 0.545 0.221 0.126   -1.0
0.988 0.858 0.114 0.824   1.0
0.035 0.071 0.550 0.790   -1.0
0.170 0.373 0.084 0.157   -1.0
0.975 0.284 0.301 0.930   1.0
0.467 0.767 0.275 0.447   -1.0
0.778 0.630 0.575 0.879   1.0
0.969 0.927 0.899 0.138   1.0
0.103 0.285 0.874 0.163   -1.0
0.016 0.159 0.581 0.178   -1.0
0.968 0.948 0.421 0.010   1.0
0.216 0.353 0.915 0.619   1.0
0.416 0.538 0.476 0.368   -1.0
0.771 0.628 0.520 0.947   1.0
0.124 0.953 0.521 0.205   -1.0
0.938 0.887 0.076 0.154   1.0
0.085 0.166 0.085 0.749   -1.0
0.235 0.596 0.157 0.558   -1.0
0.488 0.825 0.544 0.296   1.0
0.799 0.263 0.052 0.386   -1.0
0.758 0.592 0.016 0.746   1.0
0.709 0.696 0.323 0.289   1.0
0.607 0.037 0.555 0.956   1.0
0.569 0.601 0.916 0.929   1.0
0.571 0.495 0.535 0.309   -1.0
0.826 0.234 0.872 0.546   -1.0*
0.395 0.786 0.507 0.833   1.0
0.617 0.854 0.769 0.840   1.0
0.651 0.820 0.963 0.324   1.0
0.913 0.733 0.699 0.740   1.0
0.752 0.400 0.490 0.275   -1.0
0.475 0.762 0.087 0.135   -1.0
0.116 0.667 0.762 0.681   1.0
0.344 0.550 0.046 0.915   -1.0
0.017 0.650 0.201 0.118   -1.0
0.245 0.703 0.501 0.179   -1.0
0.556 0.629 0.993 0.147   1.0
0.290 0.647 0.696 0.322   -1.0
0.499 0.275 0.873 0.573   1.0
0.612 0.441 0.756 0.671   1.0
0.950 0.935 0.785 0.248   1.0
0.636 0.717 0.522 0.506   1.0
0.612 0.416 0.016 0.756   -1.0
0.277 0.208 0.691 0.955   -1.0*
0.576 0.184 0.650 0.915   1.0
0.822 0.098 0.175 0.214   -1.0
0.390 0.905 0.042 0.376   -1.0
0.151 0.928 0.557 0.887   1.0
0.025 0.308 0.707 0.400   -1.0
0.604 0.141 0.732 0.193   -1.0
0.111 0.659 0.944 0.986   1.0
0.335 0.962 0.972 0.907   1.0
0.602 0.173 0.246 0.644   -1.0
0.893 0.575 0.155 0.994   1.0
0.351 0.933 0.139 0.593   1.0
0.042 0.456 0.852 0.939   1.0
0.280 0.432 0.307 0.069   -1.0
0.070 0.818 0.160 0.013   -1.0
0.430 0.376 0.561 0.707   1.0
0.809 0.018 0.417 0.974   1.0
0.515 0.843 0.589 0.241   1.0
0.375 0.453 0.460 0.299   -1.0
0.783 0.082 0.777 0.599   -1.0*
0.565 0.288 0.128 0.320   -1.0
0.967 0.018 0.423 0.303   -1.0
0.469 0.537 0.043 0.402   -1.0
0.954 0.136 0.335 0.473   -1.0
0.639 0.340 0.880 0.843   1.0
0.460 0.490 0.721 0.115   -1.0
0.079 0.003 0.617 0.856   -1.0
0.817 0.002 0.144 0.634   -1.0
0.135 0.138 0.131 0.349   -1.0
0.098 0.815 0.301 0.612   -1.0
0.473 0.193 0.103 0.748   -1.0
0.124 0.850 0.143 0.267   -1.0
0.152 0.908 0.105 0.681   -1.0
0.732 0.801 0.235 0.024   -1.0
0.161 0.084 0.897 0.379   -1.0
0.889 0.699 0.952 0.548   1.0
0.372 0.928 0.493 0.159   -1.0
0.594 0.274 0.125 0.592   -1.0
0.844 0.269 0.681 0.687   -1.0*
0.281 0.210 0.439 0.928   -1.0
0.068 0.145 0.154 0.258   -1.0
0.794 0.350 0.336 0.043   -1.0
0.975 0.113 0.198 0.871   1.0
0.851 0.498 0.688 0.679   1.0
0.748 0.607 0.955 0.997   1.0
0.121 0.409 0.000 0.788   -1.0
0.814 0.916 0.339 0.321   1.0
0.039 0.660 0.266 0.967   -1.0
0.188 0.172 0.578 0.658   -1.0
0.689 0.222 0.443 0.758   1.0
0.659 0.869 0.057 0.514   1.0
0.057 0.133 0.497 0.345   1.0*
0.699 0.505 0.587 0.750   1.0
0.758 0.446 0.446 0.269   -1.0
0.382 0.907 0.676 0.453   1.0
0.767 0.955 0.368 0.564   1.0
0.758 0.842 0.881 0.402   1.0
0.067 0.137 0.223 0.522   -1.0
0.481 0.671 0.324 0.444   -1.0
0.383 0.482 0.345 0.039   -1.0
0.723 0.164 0.441 0.971   1.0
0.936 0.741 0.080 0.001   -1.0
0.056 0.056 0.398 0.342   -1.0
0.998 0.150 0.765 0.536   1.0
0.188 0.944 0.853 0.717   1.0
0.313 0.877 0.977 0.780   1.0
0.102 0.856 0.097 0.400   -1.0
0.295 0.738 0.276 0.942   1.0
0.453 0.431 0.945 0.160   -1.0
0.147 0.066 0.760 0.197   -1.0
0.274 0.367 0.023 0.835   -1.0
0.823 0.575 0.495 0.452   1.0
0.796 0.949 0.298 0.792   1.0
0.652 0.720 0.987 0.263   1.0
0.366 0.965 0.966 0.795   1.0
0.928 0.538 0.591 0.094   -1.0*
0.368 0.531 0.184 0.685   -1.0
0.174 0.401 0.041 0.689   -1.0
0.769 0.555 0.452 0.819   1.0
0.415 0.092 0.065 0.676   -1.0
0.527 0.070 0.827 0.528   -1.0
0.411 0.257 0.226 0.538   -1.0
0.436 0.675 0.800 0.570   1.0
0.749 0.443 0.734 0.235   1.0
0.952 0.009 0.234 0.177   -1.0
0.320 0.208 0.242 0.135   -1.0
0.325 0.857 0.812 0.733   1.0
0.172 0.998 0.877 0.800   1.0
0.032 0.506 0.647 0.070   -1.0
0.562 0.705 0.755 0.239   -1.0*
0.395 0.866 0.896 0.509   1.0
0.532 0.280 0.597 0.225   -1.0
0.710 0.793 0.124 0.810   1.0
0.282 0.648 0.526 0.023   -1.0
0.973 0.207 0.185 0.563   -1.0
0.711 0.198 0.323 0.940   1.0
0.135 0.315 0.716 0.072   -1.0
0.788 0.103 0.304 0.458   -1.0
0.147 0.366 0.729 0.834   1.0
0.834 0.744 0.613 0.637   1.0
0.001 0.454 0.464 0.224   -1.0
0.925 0.058 0.923 0.839   1.0
0.115 0.134 0.413 0.525   -1.0
0.917 0.764 0.205 0.777   1.0
0.147 0.465 0.904 0.567   1.0
0.373 0.349 0.138 0.152   -1.0
0.338 0.229 0.152 0.582   -1.0
0.401 0.677 0.055 0.094   -1.0
0.817 0.007 0.935 0.446   1.0
0.366 0.963 0.861 0.618   1.0
0.470 0.456 0.321 0.495   -1.0
0.754 0.786 0.332 0.922   1.0
0.837 0.759 0.872 0.981   1.0
0.621 0.410 0.815 0.448   1.0
0.334 0.224 0.012 0.506   -1.0
0.966 0.010 0.489 0.434   1.0*
0.736 0.419 0.468 0.236   -1.0
0.840 0.397 0.036 0.729   1.0
0.585 0.741 0.637 0.901   1.0
0.151 0.421 0.393 0.177   -1.0
0.885 0.132 0.893 0.251   1.0
0.237 0.016 0.929 0.679   -1.0
0.855 0.714 0.682 0.830   1.0
0.412 0.683 0.672 0.439   1.0
0.628 0.791 0.560 0.988   1.0
0.709 0.090 0.504 0.956   1.0
0.029 0.666 0.865 0.406   -1.0
0.627 0.349 0.645 0.488   1.0
0.933 0.741 0.625 0.716   1.0
0.378 0.443 0.186 0.416   -1.0
0.921 0.970 0.776 0.421   -1.0*
0.852 0.842 0.815 0.428   1.0
0.513 0.353 0.427 0.645   -1.0
0.406 0.278 0.380 0.594   -1.0
0.837 0.825 0.188 0.312   -1.0*
0.547 0.524 0.046 0.878   1.0*
0.121 0.580 0.296 0.510   -1.0
0.087 0.737 0.652 0.883   -1.0*
0.945 0.824 0.423 0.673   1.0
0.592 0.238 0.557 0.775   1.0
0.863 0.199 0.631 0.607   1.0
0.277 0.460 0.569 0.576   -1.0
0.331 0.063 0.656 0.816   -1.0
0.223 0.629 0.952 0.295   1.0
0.708 0.956 0.931 0.364   1.0
0.007 0.251 0.741 0.735   -1.0
0.957 0.991 0.765 0.975   1.0
0.445 0.277 0.728 0.290   -1.0
0.448 0.981 0.578 0.515   1.0
0.185 0.641 0.752 0.177   -1.0
0.501 0.966 0.666 0.704   1.0
0.512 0.908 0.651 0.249   1.0
0.003 0.967 0.092 0.311   -1.0
0.872 0.511 0.799 0.802   1.0
0.255 0.864 0.899 0.771   1.0
0.329 0.312 0.037 0.958   -1.0
0.754 0.620 0.931 0.815   1.0
0.563 0.587 0.829 0.347   1.0
0.561 0.598 0.726 0.498   1.0
0.098 0.353 0.505 0.978   -1.0
0.114 0.487 0.116 0.104   -1.0
0.281 0.784 0.631 0.252   -1.0
0.033 0.047 0.813 0.912   -1.0
0.613 0.269 0.026 0.257   -1.0
0.777 0.970 0.481 0.792   1.0
0.910 0.181 0.479 0.313   -1.0
0.604 0.838 0.842 0.416   1.0
0.876 0.422 0.819 0.905   1.0
0.906 0.612 0.015 0.649   1.0
0.371 0.366 0.278 0.576   1.0*
0.634 0.007 0.273 0.040   -1.0
0.282 0.571 0.941 0.401   1.0
0.928 0.117 0.274 0.345   1.0*
0.963 0.763 0.531 0.386   1.0
0.011 0.578 0.459 0.753   -1.0
0.514 0.718 0.151 0.789   1.0
0.736 0.194 0.489 0.651   1.0
0.543 0.763 0.633 0.241   1.0
0.291 0.755 0.670 0.649   1.0
0.128 0.346 0.014 0.896   -1.0
0.080 0.236 0.447 0.433   -1.0
0.273 0.265 0.127 0.892   -1.0
0.104 0.542 0.288 0.585   -1.0
0.127 0.058 0.051 0.599   -1.0
0.482 0.478 0.583 0.223   -1.0
0.746 0.951 0.548 0.074   1.0
0.859 0.905 0.418 0.211   1.0
0.173 0.721 0.097 0.096   -1.0
0.336 0.520 0.992 0.925   1.0
0.192 0.131 0.264 0.882   -1.0
0.338 0.743 0.934 0.164   1.0
0.206 0.792 0.869 0.352   1.0
0.224 0.097 0.270 0.995   -1.0
0.928 0.824 0.432 0.799   1.0
0.053 0.067 0.137 0.276   -1.0
0.097 0.640 0.753 0.150   -1.0
0.782 0.370 0.626 0.611   1.0
0.486 0.893 0.099 0.599   1.0
0.464 0.797 0.246 0.222   -1.0
0.338 0.209 0.399 0.511   -1.0
0.022 0.019 0.291 0.642   -1.0
0.477 0.186 0.256 0.273   -1.0
0.092 0.226 0.110 0.869   -1.0
0.426 0.105 0.508 0.957   -1.0
0.515 0.207 0.534 0.746   -1.0*
0.256 0.220 0.350 0.549   -1.0
0.803 0.306 0.268 0.552   -1.0
0.559 0.997 0.340 0.798   1.0
0.931 0.528 0.140 0.323   -1.0
0.742 0.916 0.299 1.000   1.0
0.025 0.390 0.913 0.213   -1.0
0.953 0.432 0.615 0.305   1.0
0.841 0.384 0.831 0.664   1.0
0.230 0.360 0.609 0.012   -1.0
0.071 0.424 0.465 0.707   -1.0
0.850 0.887 0.278 0.904   1.0
0.525 0.760 0.249 0.945   1.0
0.168 0.617 0.216 0.047   -1.0
0.314 0.124 0.268 0.971   -1.0
0.179 0.042 0.763 0.310   -1.0
0.706 0.416 0.467 0.791   1.0
0.289 0.976 0.742 0.207   1.0
0.201 0.230 0.780 0.247   -1.0
0.941 0.862 0.083 0.125   1.0
0.970 0.822 0.978 0.062   1.0
0.488 0.705 0.905 0.329   1.0
0.801 0.548 0.428 0.663   -1.0*
0.534 0.065 0.886 0.652   1.0
0.514 0.198 0.589 0.609   -1.0
0.087 0.679 0.981 0.176   -1.0
0.627 0.944 0.003 0.907   1.0
0.484 0.704 0.555 0.810   1.0
0.727 0.609 0.140 0.650   1.0
0.803 0.589 0.477 0.566   1.0
0.798 0.227 0.072 0.240   -1.0
0.529 0.136 0.771 0.139   -1.0
0.979 0.796 0.911 0.782   1.0
0.547 0.406 0.308 0.873   1.0
0.964 0.333 0.486 0.993   1.0
0.458 0.087 0.361 0.193   -1.0
0.278 0.711 0.211 0.535   -1.0
0.616 0.545 0.662 0.661   1.0
0.768 0.945 0.340 0.711   1.0
0.088 0.794 0.566 0.971   1.0
0.031 0.138 0.842 0.904   -1.0
0.043 0.228 0.767 0.156   -1.0
0.010 0.373 0.884 0.836   1.0
0.706 0.467 0.892 0.325   1.0
0.785 0.148 0.957 0.905   1.0
0.488 0.806 0.575 0.202   1.0
0.392 0.862 0.621 0.936   1.0
0.118 0.516 0.625 0.596   -1.0
0.368 0.048 0.192 0.631   -1.0
0.776 0.980 0.547 0.643   1.0
0.794 0.532 0.402 0.933   1.0
0.599 0.504 0.999 0.800   1.0
0.527 0.363 0.999 0.232   1.0
0.324 0.105 0.142 0.676   -1.0
0.105 0.997 0.831 0.252   1.0
0.450 0.750 0.573 0.893   1.0
0.645 0.207 0.870 0.467   1.0
0.038 0.956 0.694 0.124   -1.0
0.714 0.815 0.866 0.814   1.0
0.343 0.126 0.682 0.591   -1.0
0.642 0.608 0.604 0.721   1.0
0.856 0.759 0.050 0.090   -1.0
0.780 0.477 0.299 0.427   -1.0
0.186 0.154 0.292 0.948   -1.0
0.818 0.966 0.631 0.092   1.0
0.138 0.075 0.548 0.440   -1.0
0.755 0.129 0.424 0.279   -1.0
0.782 0.145 0.921 0.429   1.0
0.368 0.364 0.244 1.000   -1.0
0.579 0.252 0.805 0.928   1.0
0.425 0.159 0.057 0.221   -1.0
0.975 0.537 0.835 0.365   -1.0*
0.052 0.892 0.132 0.489   -1.0
0.979 0.083 0.418 0.959   1.0
0.821 0.100 0.864 0.659   1.0
0.660 0.258 0.238 0.663   -1.0
0.823 0.501 0.439 0.653   1.0
0.659 0.178 0.546 0.899   1.0
0.838 0.409 0.628 0.152   1.0
0.139 0.810 0.878 0.960   1.0
0.442 0.596 0.696 0.959   1.0
0.527 0.348 0.241 0.187   -1.0
0.793 0.885 0.563 0.888   1.0
0.157 0.686 0.186 0.321   -1.0
0.265 0.862 0.699 0.484   1.0
0.917 0.244 0.744 0.348   1.0
0.501 0.346 0.035 0.758   -1.0
0.398 0.634 0.483 0.065   -1.0
0.204 0.087 0.568 0.068   -1.0
0.899 0.583 0.364 0.413   -1.0*
0.334 0.401 0.690 0.813   -1.0*
0.756 0.129 0.140 0.724   -1.0
0.352 0.282 0.248 0.917   -1.0
0.631 0.895 0.917 0.559   1.0
0.858 0.884 0.313 0.755   1.0
0.190 0.090 0.188 0.550   -1.0
0.054 0.116 0.764 0.969   -1.0
0.161 0.429 0.668 0.085   -1.0
0.887 0.103 0.193 0.122   -1.0
0.760 0.857 0.428 0.045   -1.0*
0.213 0.905 0.851 0.976   -1.0*
0.239 0.272 0.178 0.154   -1.0
0.085 0.205 0.622 0.266   -1.0
0.561 0.924 0.577 0.988   1.0
0.015 0.590 0.757 0.650   1.0
0.976 0.489 0.394 0.197   1.0
0.995 0.175 0.105 0.971   1.0
0.825 0.061 0.191 0.569   -1.0
0.440 0.563 0.149 0.391   -1.0
0.662 0.442 0.564 0.319   -1.0
0.434 0.955 0.364 0.915   -1.0*
0.493 0.122 0.274 0.262   -1.0
0.026 0.704 0.755 0.585   1.0
0.295 0.021 0.167 0.349   -1.0
0.597 0.043 0.305 0.822   -1.0
0.867 0.234 0.124 0.080   -1.0
0.761 0.256 0.214 0.451   -1.0
0.966 0.514 0.120 0.983   1.0
0.447 0.169 0.010 0.864   -1.0
0.259 0.366 0.071 0.751   -1.0
0.762 0.539 0.523 0.776   1.0
0.116 0.220 0.630 0.252   -1.0
0.545 0.135 0.537 0.994   1.0
0.157 0.676 0.218 0.679   -1.0
0.759 0.130 0.750 0.706   1.0
0.358 0.727 0.339 0.031   -1.0
0.083 0.446 0.969 0.397   -1.0
0.034 0.910 0.382 0.827   1.0
0.905 0.235 0.374 0.330   -1.0
0.006 0.543 0.317 0.601   -1.0
0.216 0.660 0.885 0.416   1.0
0.841 0.337 0.480 0.475   1.0
0.880 0.533 0.045 0.949   1.0
0.437 0.341 0.568 0.402   -1.0
0.116 0.336 0.406 0.627   -1.0
0.955 0.871 0.440 0.212   1.0
0.602 0.838 0.595 0.561   -1.0*
0.886 0.873 0.288 0.514   1.0
0.359 0.911 0.857 0.095   1.0
0.481 0.355 0.168 0.831   -1.0
0.721 0.467 0.686 0.255   1.0
0.177 0.081 0.659 0.877   -1.0
0.663 0.625 0.005 0.840   1.0
0.498 0.915 0.828 0.984   1.0
0.087 0.282 0.635 0.798   1.0*
0.662 0.088 0.229 0.254   -1.0
0.726 0.297 0.267 0.921   1.0
0.773 0.834 0.173 0.407   1.0
0.266 0.152 0.516 0.033   -1.0
0.982 0.330 0.550 0.793   1.0
0.776 0.586 0.956 0.666   1.0
0.359 0.294 0.793 0.939   1.0
0.603 0.118 0.008 0.580   -1.0
0.357 0.480 0.070 0.558   -1.0
0.816 0.358 0.443 0.956   1.0
0.499 0.591 0.071 0.777   -1.0
0.881 0.964 0.590 0.460   1.0
0.492 0.244 0.639 0.913   1.0
0.777 0.893 0.349 0.157   -1.0*
0.770 0.717 0.313 0.953   1.0
0.163 0.685 0.433 0.097   -1.0
