0.004 0.138 0.691 0.152   -1.0
0.100 0.581 0.855 0.062   -1.0
0.081 0.320 0.863 0.595   -1.0
0.256 0.152 0.695 0.040   -1.0
0.393 0.651 0.709 0.610   1.0
0.926 0.143 0.881 0.680   1.0
0.954 0.855 0.977 0.783   1.0
0.552 0.667 0.077 0.698   -1.0
0.579 0.624 0.877 0.611   1.0
0.889 0.185 0.659 0.901   1.0
0.917 0.311 0.132 0.955   1.0
0.923 0.528 0.875 0.420   1.0
0.233 0.171 0.820 0.136   -1.0
0.109 0.749 0.552 0.927   1.0
0.339 0.388 0.999 0.632   1.0
0.934 0.670 0.040 0.527   1.0
0.352 0.175 0.616 0.459   -1.0
0.181 0.388 0.198 0.740   -1.0
0.934 0.034 0.487 0.371   -1.0
0.071 0.799 0.925 0.272   1.0
0.906 0.600 0.862 0.597   1.0
0.394 0.155 0.866 0.536   -1.0
0.573 0.180 0.200 0.554   -1.0
0.179 0.688 0.121 0.061   -1.0
0.675 0.802 0.440 0.861   1.0
0.713 0.191 0.157 0.830   -1.0
0.756 0.988 0.161 0.046   -1.0
0.108 0.876 0.816 0.850   1.0
0.252 0.596 0.950 0.113   1.0*
0.208 0.073 0.151 0.021   -1.0
0.735 0.326 0.495 0.883   1.0
0.049 0.822 0.602 0.384   -1.0
0.964 0.687 0.871 0.560   1.0
0.803 0.719 0.170 0.794   -1.0*
0.970 0.111 0.243 0.855   1.0
0.363 0.468 0.852 0.914   1.0
0.772 0.104 0.293 0.204   -1.0
0.319 0.204 0.283 0.060   -1.0
0.206 0.859 0.189 0.430   -1.0
0.878 0.656 0.715 0.879   1.0
0.711 0.059 0.830 0.119   -1.0
0.872 0.964 0.929 0.648   1.0
0.824 0.752 0.219 0.279   1.0
0.508 0.346 0.137 0.024   -1.0
0.295 0.994 0.395 0.293   -1.0
0.693 0.486 0.384 0.786   -1.0*
0.624 0.209 0.095 0.814   -1.0
0.894 0.455 0.091 0.552   -1.0
0.122 0.068 0.415 0.192   -1.0
0.529 0.576 0.730 0.634   1.0
0.286 0.422 0.209 0.121   -1.0
0.507 0.597 0.670 0.526   1.0
0.282 0.780 0.383 0.234   -1.0
0.194 0.649 0.502 0.909   1.0
0.037 0.822 0.130 0.223   -1.0
0.337 0.896 0.255 0.781   1.0
0.104 0.432 0.075 0.953   -1.0
0.469 0.498 0.109 0.485   -1.0
0.610 0.711 0.210 0.441   -1.0
0.786 0.317 0.664 0.084   -1.0
0.197 0.411 0.370 0.046   -1.0
0.144 0.964 0.013 0.921   1.0
0.034 0.539 0.877 0.235   -1.0
0.435 0.662 0.610 0.956   1.0
0.368 0.281 0.718 0.684   -1.0*
0.703 0.155 0.297 0.680   -1.0
0.245 0.709 0.648 0.496   1.0
0.159 0.061 0.566 0.476   -1.0
0.456 0.594 0.689 0.732   -1.0*
0.481 0.135 0.278 0.349   -1.0
0.230 0.451 0.880 0.707   1.0
0.189 0.647 0.032 0.021   -1.0
0.035 0.176 0.621 0.630   -1.0
0.567 0.974 0.642 0.432   1.0
0.131 0.761 0.209 0.600   -1.0
0.336 0.757 0.586 0.562   1.0
0.936 0.926 0.166 0.854   1.0
0.042 0.932 0.360 0.279   -1.0
0.836 0.406 0.484 0.044   -1.0
0.870 0.088 0.131 0.071   -1.0
0.169 0.893 0.346 0.474   -1.0
0.539 0.647 0.517 0.329   1.0
0.487 0.823 0.061 0.423   -1.0
0.534 0.905 0.931 0.407   1.0
0.289 0.346 0.438 0.594   -1.0
0.150 0.252 0.167 0.906   -1.0
0.959 0.964 0.588 0.704   1.0
0.796 0.972 0.091 0.224   1.0
0.563 0.700 0.079 0.408   -1.0
0.803 0.211 0.372 0.633   1.0
0.654 0.448 0.374 0.934   1.0
0.289 0.641 0.327 0.733   -1.0
0.263 0.999 0.401 0.096   -1.0
0.889 0.538 0.442 0.954   1.0
0.564 0.548 0.918 0.468   1.0
0.316 0.603 0.959 0.149   1.0
0.346 0.206 0.225 0.569   -1.0
0.330 0.335 0.075 0.636   -1.0
0.979 0.641 0.514 0.200   1.0
0.456 0.675 0.400 0.049   -1.0
